0 0.022000 0.022000 0.956000
131074 0.439000 0.554600 0.006400
1 0.879800 0.112000 0.008200
131075 0.283100 0.691900 0.025000
2 0.870300 0.122900 0.006800
131072 0.464400 0.528900 0.006700
3 0.871600 0.122400 0.006000
131073 0.449900 0.544100 0.006000
4 0.867800 0.125400 0.006800
131078 0.636800 0.359400 0.003800
5 0.879900 0.111500 0.008600
131079 0.555200 0.243700 0.201100
6 0.878100 0.113800 0.008100
131076 0.389000 0.603700 0.007300
7 0.874800 0.117000 0.008200
131077 0.398100 0.595200 0.006700
8 0.878800 0.112900 0.008300
131082 0.444900 0.548400 0.006700
9 0.878100 0.114800 0.007100
131083 0.465800 0.528200 0.006000
10 0.887500 0.101300 0.011200
131080 0.413600 0.579700 0.006700
11 0.888200 0.101600 0.010200
131081 0.431100 0.560700 0.008200
12 0.890100 0.099300 0.010600
131086 0.459600 0.532400 0.008000
13 0.918900 0.073200 0.007900
131087 0.444400 0.547900 0.007700
14 0.808900 0.186700 0.004400
131084 0.698800 0.296200 0.005000
15 0.832700 0.163400 0.003900
131085 0.468500 0.524700 0.006800
16 0.829600 0.166300 0.004100
131090 0.380200 0.612400 0.007400
17 0.821900 0.174900 0.003200
131091 0.620600 0.375200 0.004200
18 0.825600 0.171700 0.002700
131088 0.294200 0.680600 0.025200
19 0.840400 0.156200 0.003400
131089 0.387000 0.603800 0.009200
20 0.832900 0.164500 0.002600
131094 0.413700 0.579000 0.007300
21 0.832600 0.163200 0.004200
131095 0.433600 0.559800 0.006600
22 0.837700 0.157900 0.004400
131092 0.501100 0.228700 0.270200
23 0.844000 0.151800 0.004200
131093 0.395600 0.598500 0.005900
24 0.852800 0.142700 0.004500
131098 0.704900 0.290400 0.004700
25 0.850000 0.146300 0.003700
131099 0.465100 0.528400 0.006500
26 0.914700 0.076300 0.009000
131096 0.440600 0.552100 0.007300
27 0.861700 0.133700 0.004600
131097 0.444300 0.549700 0.006000
28 0.811800 0.184000 0.004200
131102 0.397600 0.596400 0.006000
29 0.812600 0.184800 0.002600
131103 0.390600 0.602300 0.007100
30 0.808400 0.187500 0.004100
131100 0.447600 0.545900 0.006500
31 0.801800 0.194400 0.003800
131101 0.312800 0.660900 0.026300
32 0.823500 0.173100 0.003400
131106 0.403500 0.589100 0.007400
33 0.839600 0.156600 0.003800
131107 0.407200 0.585300 0.007500
34 0.829000 0.167700 0.003300
131104 0.637300 0.357600 0.005100
35 0.838100 0.158200 0.003700
131105 0.424700 0.228100 0.347200
36 0.839600 0.155600 0.004800
131110 0.432500 0.560200 0.007300
37 0.845700 0.149900 0.004400
131111 0.454400 0.540000 0.005600
38 0.845500 0.149600 0.004900
131108 0.417200 0.577200 0.005600
39 0.903800 0.089500 0.006700
131109 0.423600 0.569000 0.007400
40 0.851600 0.144800 0.003600
131114 0.327000 0.645500 0.027500
41 0.841400 0.154400 0.004200
131115 0.412400 0.579500 0.008100
42 0.809900 0.186700 0.003400
131112 0.696000 0.298800 0.005200
43 0.793500 0.203400 0.003100
131113 0.469300 0.523800 0.006900
44 0.790400 0.206300 0.003300
131118 0.342700 0.226400 0.430900
45 0.801500 0.194900 0.003600
131119 0.394800 0.600100 0.005100
46 0.820100 0.176000 0.003900
131116 0.392000 0.599100 0.008900
47 0.833900 0.161800 0.004300
131117 0.641200 0.353500 0.005300
48 0.833100 0.163200 0.003700
131122 0.416800 0.576900 0.006300
49 0.827100 0.170100 0.002800
131123 0.418800 0.573100 0.008100
50 0.832200 0.162900 0.004900
131120 0.402200 0.590100 0.007700
51 0.839500 0.155800 0.004700
131121 0.403500 0.588800 0.007700
52 0.908900 0.084100 0.007000
131126 0.688000 0.306300 0.005700
53 0.844300 0.152100 0.003600
131127 0.314600 0.655400 0.030000
54 0.831900 0.164600 0.003500
131124 0.436100 0.556600 0.007300
55 0.808500 0.188900 0.002600
131125 0.435900 0.557700 0.006400
56 0.808400 0.187800 0.003800
131130 0.737400 0.241900 0.020700
57 0.776700 0.220600 0.002700
131131 0.028300 0.028700 0.943000
58 0.787100 0.209900 0.003000
131128 0.411000 0.579800 0.009200
59 0.798300 0.198500 0.003200
131129 0.396900 0.594900 0.008200
60 0.809800 0.186000 0.004200
131134 0.717100 0.251800 0.031100
61 0.827600 0.167500 0.004900
131135 0.722500 0.251900 0.025600
62 0.830000 0.165500 0.004500
131132 0.733200 0.233300 0.033500
63 0.831700 0.164300 0.004000
131133 0.721800 0.247600 0.030600
64 0.832800 0.162900 0.004300
131138 0.681600 0.289700 0.028700
65 0.923000 0.068400 0.008600
131139 0.672200 0.298800 0.029000
66 0.858500 0.137800 0.003700
131136 0.713400 0.260400 0.026200
67 0.834700 0.162000 0.003300
131137 0.691500 0.283800 0.024700
68 0.820900 0.175600 0.003500
131142 0.698200 0.270800 0.031000
69 0.811500 0.184800 0.003700
131143 0.400200 0.595300 0.004500
70 0.798700 0.197800 0.003500
131140 0.315700 0.663100 0.021200
71 0.781200 0.215600 0.003200
131141 0.683200 0.287200 0.029600
72 0.787100 0.209600 0.003300
131146 0.629000 0.363700 0.007300
73 0.802400 0.193800 0.003800
131147 0.626500 0.367700 0.005800
74 0.819100 0.177600 0.003300
131144 0.289900 0.232100 0.478000
75 0.839100 0.157200 0.003700
131145 0.631100 0.359700 0.009200
76 0.834900 0.161000 0.004100
131150 0.626400 0.366300 0.007300
77 0.840600 0.155100 0.004300
131151 0.616100 0.376400 0.007500
78 0.916300 0.075700 0.008000
131148 0.621000 0.373900 0.005100
79 0.863300 0.132400 0.004300
131149 0.642000 0.351800 0.006200
80 0.855600 0.141600 0.002800
131154 0.462200 0.528400 0.009400
81 0.838800 0.158500 0.002700
131155 0.637900 0.354000 0.008100
82 0.812400 0.185300 0.002300
131152 0.607500 0.386400 0.006100
83 0.805700 0.191400 0.002900
131153 0.705600 0.261600 0.032800
84 0.798500 0.198400 0.003100
131158 0.635700 0.356800 0.007500
85 0.768100 0.228100 0.003800
131159 0.632800 0.359000 0.008200
86 0.787000 0.208300 0.004700
131156 0.404900 0.590500 0.004600
87 0.806200 0.189400 0.004400
131157 0.298600 0.230000 0.471400
88 0.821000 0.175100 0.003900
131162 0.618800 0.374000 0.007200
89 0.832200 0.164000 0.003800
131163 0.635200 0.358000 0.006800
90 0.830400 0.165000 0.004600
131160 0.630900 0.361600 0.007500
91 0.917000 0.075200 0.007800
131161 0.634700 0.357800 0.007500
92 0.862200 0.134800 0.003000
131166 0.727000 0.241000 0.032000
93 0.862500 0.135100 0.002400
131167 0.664300 0.327700 0.008000
94 0.841900 0.155200 0.002900
131164 0.622300 0.371300 0.006400
95 0.838500 0.158000 0.003500
131165 0.630600 0.360200 0.009200
96 0.818500 0.177400 0.004100
97 0.801500 0.195000 0.003500
98 0.794200 0.202900 0.002900
131168 0.472500 0.518500 0.009000
99 0.774600 0.222000 0.003400
100 0.794700 0.201900 0.003400
101 0.806300 0.189700 0.004000
102 0.822900 0.171800 0.005300
103 0.843500 0.152900 0.003600
104 0.915200 0.075400 0.009400
105 0.865100 0.132300 0.002600
106 0.860900 0.135300 0.003800
107 0.864000 0.132500 0.003500
108 0.843100 0.152700 0.004200
109 0.832100 0.164200 0.003700
110 0.813500 0.182200 0.004300
111 0.801200 0.196600 0.002200
112 0.805400 0.190800 0.003800
113 0.778800 0.216800 0.004400
114 0.788700 0.206000 0.005300
115 0.799200 0.196500 0.004300
116 0.824200 0.170500 0.005300
117 0.920400 0.071000 0.008600
118 0.869200 0.126900 0.003900
119 0.866200 0.129600 0.004200
120 0.859300 0.135500 0.005200
121 0.861200 0.134800 0.004000
122 0.843600 0.153300 0.003100
123 0.832400 0.164700 0.002900
124 0.817200 0.179100 0.003700
125 0.803400 0.191500 0.005100
126 0.810800 0.185000 0.004200
127 0.792800 0.202900 0.004300
128 0.812800 0.182700 0.004500
129 0.825800 0.169600 0.004600
130 0.933600 0.058000 0.008400
131 0.873300 0.122800 0.003900
132 0.872400 0.123400 0.004200
133 0.866100 0.129400 0.004500
134 0.861700 0.134500 0.003800
135 0.868600 0.127100 0.004300
136 0.850700 0.144700 0.004600
137 0.841200 0.155000 0.003800
138 0.821200 0.174500 0.004300
139 0.828700 0.167900 0.003400
140 0.803500 0.190400 0.006100
141 0.815600 0.180300 0.004100
142 0.836000 0.158500 0.005500
143 0.928800 0.061800 0.009400
144 0.872400 0.122900 0.004700
145 0.870900 0.124500 0.004600
146 0.873300 0.122100 0.004600
147 0.867700 0.129200 0.003100
148 0.872600 0.123000 0.004400
149 0.868900 0.127000 0.004100
150 0.854000 0.142400 0.003600
151 0.835200 0.160600 0.004200
152 0.848600 0.147000 0.004400
153 0.846400 0.148400 0.005200
154 0.810800 0.184000 0.005200
155 0.837900 0.157100 0.005000
156 0.934600 0.054500 0.010900
157 0.885200 0.110800 0.004000
158 0.878400 0.118600 0.003000
159 0.872300 0.124500 0.003200
160 0.866400 0.128000 0.005600
161 0.867200 0.128600 0.004200
162 0.870400 0.125900 0.003700
163 0.866300 0.129600 0.004100
164 0.853000 0.142600 0.004400
165 0.856700 0.138000 0.005300
166 0.857500 0.137800 0.004700
167 0.867800 0.125700 0.006500
168 0.815400 0.179000 0.005600
66001 0.759400 0.229000 0.011600
66000 0.858500 0.137800 0.003700
66003 0.652600 0.344400 0.003000
66002 0.645700 0.350200 0.004100
66005 0.735500 0.245900 0.018600
66004 0.652900 0.342800 0.004300
66007 0.611500 0.385000 0.003500
66006 0.604400 0.392100 0.003500
66009 0.598700 0.397600 0.003700
66008 0.603200 0.393100 0.003700
66011 0.593800 0.402000 0.004200
66010 0.594100 0.400500 0.005400
66013 0.748000 0.239800 0.012200
66012 0.592400 0.403400 0.004200
66015 0.715400 0.234600 0.050000
66014 0.906300 0.082500 0.011200
66017 0.678000 0.230900 0.091100
66016 0.705200 0.223300 0.071500
66019 0.269300 0.592900 0.137800
66018 0.072200 0.043200 0.884600
66021 0.271900 0.596400 0.131700
66020 0.272000 0.589100 0.138900
66023 0.260900 0.598100 0.141000
66022 0.269800 0.585300 0.144900
66025 0.259600 0.598600 0.141800
66024 0.268600 0.594600 0.136800
66027 0.702300 0.244800 0.052900
66026 0.630500 0.364000 0.005500
66029 0.445600 0.547300 0.007100
66028 0.714500 0.283500 0.002000
66031 0.286300 0.685500 0.028200
66030 0.447500 0.545300 0.007200
66033 0.380800 0.614000 0.005200
66032 0.382600 0.611600 0.005800
66035 0.387600 0.605300 0.007100
66034 0.381400 0.611500 0.007100
66037 0.379100 0.614300 0.006600
66036 0.381700 0.612200 0.006100
66039 0.633300 0.362400 0.004300
66038 0.372000 0.620900 0.007100
66041 0.412800 0.580700 0.006500
66040 0.685500 0.242600 0.071900
66043 0.454300 0.541200 0.004500
66042 0.713100 0.283700 0.003200
66045 0.402600 0.591200 0.006200
66044 0.304100 0.667300 0.028600
66047 0.374300 0.618500 0.007200
66046 0.394200 0.599800 0.006000
66049 0.372900 0.620300 0.006800
66048 0.378900 0.615400 0.005700
66051 0.368600 0.625100 0.006300
66050 0.388700 0.603400 0.007900
66053 0.664900 0.236300 0.098800
66052 0.633900 0.361600 0.004500
66055 0.436100 0.556800 0.007100
66054 0.424300 0.570700 0.005000
66057 0.311900 0.662100 0.026000
66056 0.701900 0.293700 0.004400
66059 0.398500 0.594400 0.007100
66058 0.404100 0.591200 0.004700
66061 0.380500 0.612800 0.006700
66060 0.398300 0.594500 0.007200
66063 0.377100 0.616000 0.006900
66062 0.376400 0.617100 0.006500
66065 0.720000 0.259400 0.020600
66064 0.374000 0.619800 0.006200
66067 0.707500 0.263800 0.028700
66066 0.031800 0.028700 0.939500
66069 0.677700 0.293200 0.029100
66068 0.703000 0.267800 0.029200
66071 0.653100 0.316600 0.030300
66070 0.303100 0.676000 0.020900
66073 0.669900 0.298800 0.031300
66072 0.655900 0.317500 0.026600
66075 0.707900 0.259500 0.032600
66074 0.691000 0.280200 0.028800
66077 0.706300 0.258700 0.035000
66076 0.704700 0.259400 0.035900
66079 0.618000 0.240000 0.142000
66078 0.404200 0.591800 0.004000
66081 0.614500 0.379400 0.006100
66080 0.639200 0.354300 0.006500
66083 0.690500 0.274800 0.034700
66082 0.619700 0.374300 0.006000
66085 0.595200 0.400000 0.004800
66084 0.451000 0.545500 0.003500
66087 0.617300 0.375200 0.007500
66086 0.604900 0.389800 0.005300
66089 0.648600 0.346100 0.005300
66088 0.626000 0.367800 0.006200
66091 0.405900 0.590100 0.004000
66090 0.650600 0.343100 0.006300
66093 0.644600 0.349300 0.006100
66092 0.616200 0.238000 0.145800
66095 0.610700 0.383100 0.006200
66094 0.621200 0.372600 0.006200
66097 0.621300 0.372800 0.005900
66096 0.688600 0.282200 0.029200
66099 0.594500 0.397700 0.007800
66098 0.448800 0.547800 0.003400
66101 0.614800 0.378300 0.006900
66100 0.601500 0.392700 0.005800
66103 0.644800 0.349500 0.005700
66102 0.630500 0.362500 0.007000
66105 0.613000 0.243500 0.143500
66104 0.410700 0.585500 0.003800
66107 0.646100 0.347500 0.006400
66106 0.631300 0.361500 0.007200
66109 0.697300 0.271400 0.031300
66108 0.632400 0.362500 0.005100
66111 0.615300 0.379300 0.005400
66110 0.638300 0.355900 0.005800
66113 0.595800 0.396300 0.007900
66112 0.460600 0.535500 0.003900
66115 0.617600 0.375100 0.007300
66114 0.606900 0.387600 0.005500
66117 0.420600 0.575600 0.003800
66116 0.626300 0.366800 0.006900
66119 0.637100 0.356800 0.006100
66118 0.623900 0.235700 0.140400
66121 0.637600 0.356000 0.006400
66120 0.629700 0.363800 0.006500
66123 0.647800 0.346800 0.005400
66122 0.717900 0.249100 0.033000
66125 0.609600 0.382800 0.007600
66124 0.628100 0.365300 0.006600
66127 0.621600 0.371800 0.006600
66126 0.469500 0.524300 0.006200
66129 0.630300 0.361500 0.008200
66128 0.622200 0.369000 0.008800
66131 0.613600 0.237500 0.148900
66130 0.423300 0.571600 0.005100
66133 0.645200 0.349400 0.005400
66132 0.641700 0.350800 0.007500
66135 0.730900 0.232500 0.036600
66134 0.643000 0.351700 0.005300
66137 0.644200 0.349300 0.006500
66136 0.656700 0.335900 0.007400
66139 0.634200 0.357400 0.008400
66138 0.630200 0.362500 0.007300
66141 0.620800 0.371900 0.007300
66140 0.475200 0.517000 0.007800
66143 0.421800 0.574200 0.004000
66142 0.640900 0.351600 0.007500
66145 0.637800 0.356700 0.005500
66144 0.620100 0.233500 0.146400
66147 0.643600 0.349500 0.006900
66146 0.632100 0.362200 0.005700
66149 0.679300 0.313300 0.007400
66148 0.736800 0.226100 0.037100
66151 0.652500 0.339900 0.007600
66150 0.667700 0.325000 0.007300
66153 0.655300 0.337300 0.007400
66152 0.644900 0.346900 0.008200
66155 0.634900 0.357500 0.007600
66154 0.473800 0.518600 0.007600
66157 0.624000 0.227100 0.148900
66156 0.420000 0.576900 0.003100
66159 0.647500 0.346500 0.006000
66158 0.640100 0.353700 0.006200
66161 0.742000 0.224800 0.033200
66160 0.647400 0.346200 0.006400
66163 0.679900 0.313300 0.006800
66162 0.678200 0.315300 0.006500
66165 0.661900 0.332700 0.005400
66164 0.660700 0.332300 0.007000
66167 0.660100 0.331900 0.008000
66166 0.671300 0.323700 0.005000
66168 0.473300 0.516400 0.010300
132002 0.754800 0.229100 0.016100
132003 0.653600 0.342300 0.004100
132000 0.872400 0.123400 0.004200
132001 0.691800 0.304000 0.004200
132006 0.644700 0.350700 0.004600
132007 0.646400 0.348600 0.005000
132004 0.657500 0.338600 0.003900
132005 0.643700 0.351700 0.004600
132010 0.746800 0.232200 0.021000
132011 0.611600 0.382400 0.006000
132008 0.653900 0.340500 0.005600
132009 0.641100 0.354500 0.004400
132014 0.871700 0.124400 0.003900
132015 0.741700 0.233200 0.025100
132012 0.606200 0.388900 0.004900
132013 0.678900 0.316700 0.004400
132018 0.659600 0.333500 0.006900
132019 0.648300 0.345000 0.006700
132016 0.664100 0.329900 0.006000
132017 0.672000 0.321400 0.006600
132022 0.652000 0.341100 0.006900
132023 0.739700 0.229900 0.030400
132020 0.645600 0.348800 0.005600
132021 0.652800 0.338900 0.008300
132026 0.756100 0.229200 0.014700
132027 0.740100 0.234000 0.025900
132024 0.610100 0.382900 0.007000
132025 0.606500 0.386300 0.007200
132030 0.673900 0.228800 0.097300
132031 0.641000 0.226500 0.132500
132028 0.916700 0.064700 0.018600
132029 0.703800 0.221400 0.074800
132034 0.447900 0.217300 0.334800
132035 0.368300 0.216000 0.415700
132032 0.581300 0.228700 0.190000
132033 0.513400 0.226200 0.260400
132038 0.260100 0.278300 0.461600
132039 0.643600 0.351600 0.004800
132036 0.072700 0.040600 0.886700
132037 0.262300 0.271500 0.466200
132042 0.726400 0.270500 0.003100
132043 0.488500 0.503200 0.008300
132040 0.652100 0.340400 0.007500
132041 0.688100 0.231700 0.080200
132046 0.432200 0.558300 0.009500
132047 0.432000 0.558200 0.009800
132044 0.469300 0.522200 0.008500
132045 0.450700 0.539600 0.009700
132050 0.383100 0.608100 0.008800
132051 0.386500 0.603700 0.009800
132048 0.419500 0.571300 0.009200
132049 0.275200 0.686500 0.038300
132054 0.665100 0.235900 0.099000
132055 0.462200 0.527600 0.010200
132052 0.638800 0.358000 0.003200
132053 0.656200 0.336400 0.007400
132058 0.461600 0.530100 0.008300
132059 0.451200 0.539800 0.009000
132056 0.714500 0.281100 0.004400
132057 0.472800 0.519100 0.008100
132062 0.276800 0.680700 0.042500
132063 0.392700 0.598000 0.009300
132060 0.437200 0.554300 0.008500
132061 0.432800 0.559300 0.007900
132066 0.641700 0.350800 0.007500
132067 0.620600 0.228200 0.151200
132064 0.386700 0.603000 0.010300
132065 0.630900 0.365200 0.003900
132070 0.708100 0.287900 0.004000
132071 0.468200 0.522300 0.009500
132068 0.443100 0.547700 0.009200
132069 0.458200 0.531000 0.010800
1000 0.879800 0.112000 0.008200
132074 0.448900 0.541600 0.009500
1001 0.075300 0.072300 0.852400
132075 0.275200 0.687600 0.037200
1002 0.692800 0.269200 0.038000
132072 0.458700 0.532100 0.009200
1003 0.694900 0.271900 0.033200
132073 0.449000 0.541500 0.009500
1004 0.693800 0.269800 0.036400
132078 0.630900 0.365400 0.003700
1005 0.689600 0.269600 0.040800
132079 0.624900 0.367800 0.007300
1006 0.690800 0.269900 0.039300
132076 0.398400 0.590100 0.011500
1007 0.684800 0.274300 0.040900
132077 0.395900 0.595000 0.009100
1008 0.685700 0.273400 0.040900
132082 0.434800 0.556400 0.008800
1009 0.689000 0.271300 0.039700
132083 0.462000 0.530700 0.007300
1010 0.703400 0.258600 0.038000
132080 0.569600 0.227100 0.203300
1011 0.699100 0.261100 0.039800
132081 0.424600 0.565900 0.009500
1012 0.704900 0.252000 0.043100
132086 0.452100 0.539700 0.008200
1013 0.068400 0.040500 0.891100
132087 0.437400 0.552500 0.010100
1014 0.335100 0.656600 0.008300
132084 0.702400 0.293500 0.004100
1015 0.713200 0.276600 0.010200
132085 0.475300 0.515700 0.009000
1016 0.711600 0.277300 0.011100
132090 0.391600 0.600200 0.008200
1017 0.707100 0.281800 0.011100
132091 0.635800 0.360000 0.004200
1018 0.715700 0.271700 0.012600
132088 0.294800 0.664100 0.041100
1019 0.718900 0.267700 0.013400
132089 0.382700 0.608600 0.008700
1020 0.722800 0.266100 0.011100
132094 0.419900 0.571400 0.008700
1021 0.706900 0.282700 0.010400
132095 0.420800 0.571000 0.008200
1022 0.711400 0.273200 0.015400
132092 0.631000 0.360400 0.008600
1023 0.719300 0.269000 0.011700
132093 0.481300 0.242500 0.276200
1024 0.733800 0.253000 0.013200
132098 0.692700 0.302000 0.005300
1025 0.736800 0.249900 0.013300
132099 0.463400 0.527100 0.009500
1026 0.734300 0.225500 0.040200
132096 0.440500 0.550100 0.009400
1027 0.745300 0.244000 0.010700
132097 0.438800 0.552400 0.008800
1028 0.451900 0.544600 0.003500
132102 0.397400 0.592700 0.009900
1029 0.633000 0.361400 0.005600
132103 0.378800 0.612700 0.008500
1030 0.635300 0.360200 0.004500
132100 0.451200 0.538900 0.009900
1031 0.644400 0.351500 0.004100
132101 0.292000 0.673200 0.034800
1032 0.647300 0.348100 0.004600
132106 0.426300 0.229800 0.343900
1033 0.653100 0.342500 0.004400
132107 0.407000 0.584200 0.008800
1034 0.654700 0.341500 0.003800
132104 0.632500 0.362700 0.004800
1035 0.661400 0.333600 0.005000
132105 0.627400 0.364900 0.007700
1036 0.653600 0.340400 0.006000
132110 0.432800 0.557600 0.009600
1037 0.656000 0.338200 0.005800
132111 0.444700 0.546800 0.008500
1038 0.654700 0.339100 0.006200
132108 0.407600 0.584100 0.008300
1039 0.729100 0.233400 0.037500
132109 0.422800 0.568300 0.008900
1040 0.733600 0.255600 0.010800
132114 0.309900 0.652100 0.038000
1041 0.656100 0.340400 0.003500
132115 0.411000 0.578800 0.010200
1042 0.451100 0.545000 0.003900
132112 0.699200 0.293400 0.007400
1043 0.614500 0.382300 0.003200
132113 0.461400 0.528200 0.010400
1044 0.628200 0.366400 0.005400
132118 0.632000 0.360800 0.007200
1045 0.635600 0.360800 0.003600
132119 0.347300 0.227900 0.424800
1046 0.640300 0.356300 0.003400
132116 0.401100 0.589400 0.009500
1047 0.658200 0.337200 0.004600
132117 0.636900 0.358600 0.004500
1048 0.645300 0.350200 0.004500
132122 0.416900 0.574000 0.009100
1049 0.655200 0.339000 0.005800
132123 0.427200 0.564900 0.007900
1050 0.665000 0.329400 0.005600
132120 0.402100 0.589900 0.008000
1051 0.668900 0.325500 0.005600
132121 0.396000 0.594700 0.009300
1052 0.728300 0.229900 0.041800
132126 0.686300 0.305600 0.008100
1053 0.741800 0.247300 0.010900
132127 0.315000 0.646100 0.038900
1054 0.650900 0.344500 0.004600
132124 0.430000 0.561600 0.008400
1055 0.632300 0.363800 0.003900
132125 0.442700 0.547300 0.010000
1056 0.444700 0.551800 0.003500
132130 0.742000 0.236600 0.021400
1057 0.609200 0.386300 0.004500
132131 0.733200 0.233300 0.033500
1058 0.623200 0.372000 0.004800
132128 0.401900 0.587500 0.010600
1059 0.630500 0.366000 0.003500
132129 0.394200 0.596900 0.008900
1060 0.649800 0.345700 0.004500
132134 0.717500 0.240900 0.041600
1061 0.659800 0.336300 0.003900
132135 0.722100 0.241700 0.036200
1062 0.654600 0.341300 0.004100
132132 0.031000 0.028800 0.940200
1063 0.662300 0.332100 0.005600
132133 0.715900 0.242300 0.041800
1064 0.657200 0.337600 0.005200
132138 0.663900 0.294400 0.041700
1065 0.723100 0.235600 0.041300
132139 0.678500 0.283200 0.038300
1066 0.759400 0.229000 0.011600
132136 0.693400 0.270400 0.036200
1067 0.658800 0.337600 0.003600
132137 0.689700 0.272100 0.038200
1068 0.649800 0.346300 0.003900
132142 0.688800 0.262700 0.048500
1069 0.643800 0.352000 0.004200
132143 0.396000 0.598600 0.005400
1070 0.469500 0.528100 0.002400
132140 0.320000 0.656800 0.023200
1071 0.623500 0.371900 0.004600
132141 0.675200 0.282800 0.042000
1072 0.624600 0.370900 0.004500
132146 0.635100 0.354800 0.010100
1073 0.634100 0.360500 0.005400
132147 0.632600 0.357400 0.010000
1074 0.652600 0.343200 0.004200
132144 0.400500 0.591000 0.008500
1075 0.651700 0.343200 0.005100
132145 0.287900 0.226300 0.485800
1076 0.661200 0.333500 0.005300
132150 0.624300 0.365200 0.010500
1077 0.661900 0.333800 0.004300
132151 0.613500 0.375000 0.011500
1078 0.725000 0.233300 0.041700
132148 0.622600 0.368900 0.008500
1079 0.748500 0.242000 0.009500
132149 0.634500 0.356700 0.008800
1080 0.666100 0.329800 0.004100
132154 0.452300 0.537200 0.010500
1081 0.655100 0.340600 0.004300
132155 0.625900 0.363600 0.010500
1082 0.641300 0.354600 0.004100
132152 0.614700 0.374000 0.011300
1083 0.648600 0.347400 0.004000
132153 0.706900 0.252400 0.040700
1084 0.474000 0.522400 0.003600
132158 0.293900 0.229400 0.476700
1085 0.602400 0.393900 0.003700
132159 0.634400 0.356200 0.009400
1086 0.621000 0.374600 0.004400
132156 0.402500 0.592600 0.004900
1087 0.630900 0.364000 0.005100
132157 0.404800 0.586400 0.008800
1088 0.646300 0.348400 0.005300
132162 0.623500 0.366300 0.010200
1089 0.656400 0.337300 0.006300
132163 0.634200 0.355700 0.010100
1090 0.654000 0.340900 0.005100
132160 0.622500 0.368300 0.009200
1091 0.717200 0.243000 0.039800
132161 0.625800 0.364200 0.010000
1092 0.751800 0.237400 0.010800
132166 0.718600 0.236400 0.045000
1093 0.686900 0.309300 0.003800
132167 0.657900 0.330700 0.011400
1094 0.664300 0.331500 0.004200
132164 0.622100 0.366900 0.011000
1095 0.653100 0.342200 0.004700
132165 0.622500 0.367900 0.009600
1096 0.648000 0.348600 0.003400
1097 0.642400 0.354200 0.003400
1098 0.474200 0.523600 0.002200
132168 0.470300 0.519200 0.010500
1099 0.613700 0.382700 0.003600
1100 0.620600 0.375100 0.004300
1101 0.631900 0.362900 0.005200
1102 0.645800 0.350800 0.003400
1103 0.657900 0.335900 0.006200
1104 0.718400 0.240900 0.040700
1105 0.752800 0.236700 0.010500
1106 0.685800 0.310200 0.004000
1107 0.670400 0.324900 0.004700
1108 0.669000 0.326400 0.004600
1109 0.652800 0.343200 0.004000
1110 0.642300 0.352600 0.005100
1111 0.625000 0.370000 0.005000
1112 0.481800 0.514000 0.004200
1113 0.609100 0.386400 0.004500
1114 0.631800 0.363400 0.004800
1115 0.633200 0.361600 0.005200
1116 0.642200 0.353200 0.004600
1117 0.730400 0.228100 0.041500
1118 0.752400 0.233500 0.014100
1119 0.675400 0.319300 0.005300
1120 0.682300 0.312900 0.004800
1121 0.674100 0.321600 0.004300
1122 0.661200 0.334700 0.004100
1123 0.662500 0.332900 0.004600
1124 0.641400 0.354200 0.004400
1125 0.623000 0.371900 0.005100
1126 0.482500 0.511600 0.005900
1127 0.617300 0.377800 0.004900
1128 0.638800 0.356100 0.005100
1129 0.647200 0.347400 0.005400
1130 0.720000 0.234800 0.045200
1131 0.757200 0.230800 0.012000
1132 0.691800 0.304000 0.004200
1133 0.681800 0.312300 0.005900
1134 0.683000 0.313100 0.003900
1135 0.681000 0.314300 0.004700
1136 0.667800 0.327600 0.004600
1137 0.657100 0.338100 0.004800
1138 0.635200 0.359300 0.005500
1139 0.652400 0.342600 0.005000
1140 0.484500 0.509900 0.005600
1141 0.641000 0.352900 0.006100
1142 0.660600 0.333200 0.006200
1143 0.738800 0.220800 0.040400
1144 0.769000 0.219100 0.011900
1145 0.694800 0.300100 0.005100
1146 0.690200 0.306100 0.003700
1147 0.686300 0.309300 0.004400
1148 0.677000 0.317600 0.005400
1149 0.683800 0.312000 0.004200
1150 0.665200 0.329400 0.005400
1151 0.657100 0.338300 0.004600
1152 0.656200 0.338900 0.004900
1153 0.668400 0.326500 0.005100
1154 0.493900 0.500400 0.005700
1155 0.654100 0.340600 0.005300
1156 0.737200 0.215900 0.046900
1157 0.764500 0.223700 0.011800
1158 0.697800 0.297700 0.004500
1159 0.693100 0.301800 0.005100
1160 0.688700 0.305800 0.005500
1161 0.685200 0.309900 0.004900
1162 0.688200 0.308300 0.003500
1163 0.684000 0.311500 0.004500
1164 0.666400 0.326200 0.007400
1165 0.667500 0.326200 0.006300
1166 0.672400 0.321200 0.006400
1167 0.686900 0.306900 0.006200
1168 0.501100 0.492000 0.006900
67001 0.658800 0.337600 0.003600
67000 0.834700 0.162000 0.003300
67003 0.633800 0.361400 0.004800
67002 0.751500 0.233800 0.014700
67005 0.714100 0.267500 0.018400
67004 0.641100 0.353200 0.005700
67007 0.590800 0.404600 0.004600
67006 0.593700 0.403300 0.003000
67009 0.583200 0.412400 0.004400
67008 0.588500 0.407400 0.004100
67011 0.591200 0.404900 0.003900
67010 0.577100 0.418400 0.004500
67013 0.649400 0.346400 0.004200
67012 0.586300 0.408000 0.005700
67015 0.732200 0.243700 0.024100
67014 0.852200 0.144700 0.003100
67017 0.656800 0.337200 0.006000
67016 0.641700 0.352200 0.006100
67019 0.602900 0.391900 0.005200
67018 0.718300 0.252600 0.029100
67021 0.590200 0.402800 0.007000
67020 0.585500 0.408300 0.006200
67023 0.585400 0.408900 0.005700
67022 0.585600 0.407500 0.006900
67025 0.585100 0.407300 0.007600
67024 0.579100 0.412800 0.008100
67027 0.722700 0.253000 0.024300
67026 0.731200 0.252700 0.016100
67029 0.697500 0.224600 0.077900
67028 0.886200 0.098500 0.015300
67031 0.069900 0.038600 0.891500
67030 0.673900 0.228800 0.097300
67033 0.267600 0.589600 0.142800
67032 0.267400 0.599300 0.133300
67035 0.266300 0.592500 0.141200
67034 0.272700 0.594400 0.132900
67037 0.262500 0.601500 0.136000
67036 0.265200 0.592600 0.142200
67039 0.616700 0.379400 0.003900
67038 0.259400 0.609000 0.131600
67041 0.678600 0.245100 0.076300
67040 0.633600 0.360700 0.005700
67043 0.439500 0.552900 0.007600
67042 0.703800 0.293400 0.002800
67045 0.381600 0.608600 0.009800
67044 0.285900 0.677100 0.037000
67047 0.369400 0.620500 0.010100
67046 0.384200 0.607400 0.008400
67049 0.362700 0.627200 0.010100
67048 0.368000 0.623400 0.008600
67051 0.376900 0.614700 0.008400
67050 0.366500 0.624400 0.009100
67053 0.642500 0.351500 0.006000
67052 0.627400 0.367600 0.005000
67055 0.423300 0.567900 0.008800
67054 0.664500 0.232700 0.102800
67057 0.299200 0.663900 0.036900
67056 0.707200 0.289900 0.002900
67059 0.380000 0.611800 0.008200
67058 0.400000 0.591700 0.008300
67061 0.366600 0.623900 0.009500
67060 0.382200 0.608200 0.009600
67063 0.362000 0.627700 0.010300
67062 0.361700 0.631300 0.007000
67065 0.709400 0.270700 0.019900
67064 0.360300 0.628400 0.011300
67067 0.028500 0.029700 0.941800
67066 0.707500 0.263800 0.028700
67069 0.687300 0.276400 0.036300
67068 0.715100 0.249700 0.035200
67071 0.652700 0.306500 0.040800
67070 0.320300 0.658200 0.021500
67073 0.663300 0.295900 0.040800
67072 0.661800 0.295500 0.042700
67075 0.695400 0.260900 0.043700
67074 0.677800 0.281300 0.040900
67077 0.698200 0.256600 0.045200
67076 0.699200 0.259900 0.040900
67079 0.414300 0.581300 0.004400
67078 0.424200 0.572800 0.003000
67081 0.635700 0.355000 0.009300
67080 0.619700 0.233700 0.146600
67083 0.680600 0.275300 0.044100
67082 0.621200 0.369300 0.009500
67085 0.606400 0.386200 0.007400
67084 0.448900 0.546800 0.004300
67087 0.629900 0.363500 0.006600
67086 0.616100 0.376400 0.007500
67089 0.645400 0.345100 0.009500
67088 0.632800 0.359000 0.008200
67091 0.429700 0.566500 0.003800
67090 0.651300 0.340800 0.007900
67093 0.623500 0.232300 0.144200
67092 0.434300 0.560400 0.005300
67095 0.624400 0.366900 0.008700
67094 0.643000 0.349500 0.007500
67097 0.636900 0.354300 0.008800
67096 0.701300 0.254700 0.044000
67099 0.602000 0.390200 0.007800
67098 0.464000 0.531800 0.004200
67101 0.626100 0.366400 0.007500
67100 0.610300 0.381600 0.008100
67103 0.657700 0.332800 0.009500
67102 0.634700 0.356600 0.008700
67105 0.429500 0.565600 0.004900
67104 0.425200 0.570200 0.004600
67107 0.642700 0.349500 0.007800
67106 0.621500 0.236100 0.142400
67109 0.699300 0.258400 0.042300
67108 0.634700 0.356400 0.008900
67111 0.622000 0.370300 0.007700
67110 0.632600 0.358400 0.009000
67113 0.601800 0.387700 0.010500
67112 0.460000 0.533400 0.006600
67115 0.623600 0.366100 0.010300
67114 0.603500 0.386800 0.009700
67117 0.429800 0.566600 0.003600
67116 0.637000 0.353800 0.009200
67119 0.624900 0.235200 0.139900
67118 0.426300 0.566000 0.007700
67121 0.650600 0.341000 0.008400
67120 0.652900 0.337300 0.009800
67123 0.660500 0.331600 0.007900
67122 0.706500 0.241800 0.051700
67125 0.619800 0.370300 0.009900
67124 0.646000 0.345900 0.008100
67127 0.612200 0.379400 0.008400
67126 0.477400 0.516500 0.006100
67129 0.646900 0.343500 0.009600
67128 0.624400 0.367100 0.008500
67131 0.430300 0.562500 0.007200
67130 0.432300 0.563600 0.004100
67133 0.653100 0.339700 0.007200
67132 0.620600 0.228200 0.151200
67135 0.718000 0.236500 0.045500
67134 0.654500 0.335500 0.010000
67137 0.650100 0.339100 0.010800
67136 0.663400 0.326200 0.010400
67139 0.635700 0.355000 0.009300
67138 0.637100 0.353200 0.009700
67141 0.629500 0.360000 0.010500
67140 0.479800 0.513100 0.007100
67143 0.424100 0.572400 0.003500
67142 0.645900 0.345500 0.008600
67145 0.630400 0.225500 0.144100
67144 0.431600 0.561600 0.006800
67147 0.646100 0.344100 0.009800
67146 0.656500 0.335800 0.007700
67149 0.679800 0.312700 0.007500
67148 0.718800 0.231200 0.050000
67151 0.651400 0.338700 0.009900
67150 0.664600 0.328100 0.007300
67153 0.659400 0.330500 0.010100
67152 0.660600 0.330400 0.009000
67155 0.638300 0.352600 0.009100
67154 0.488300 0.502000 0.009700
67157 0.436400 0.557700 0.005900
67156 0.431600 0.563900 0.004500
67159 0.660900 0.330900 0.008200
67158 0.626100 0.226300 0.147600
67161 0.735400 0.221100 0.043500
67160 0.655300 0.336200 0.008500
67163 0.677600 0.314600 0.007800
67162 0.677700 0.314500 0.007800
67165 0.653000 0.337500 0.009500
67164 0.662700 0.326500 0.010800
67167 0.672800 0.318800 0.008400
67166 0.669800 0.320900 0.009300
67168 0.493300 0.494600 0.012100
133002 0.688100 0.307300 0.004600
133003 0.757000 0.222300 0.020700
133000 0.866100 0.129400 0.004500
133001 0.681800 0.312300 0.005900
133006 0.645300 0.352100 0.002600
133007 0.638800 0.356300 0.004900
133004 0.651800 0.344200 0.004000
133005 0.648200 0.347200 0.004600
133010 0.741900 0.236300 0.021800
133011 0.616100 0.378600 0.005300
133008 0.636700 0.358600 0.004700
133009 0.646500 0.346900 0.006600
133014 0.867600 0.129300 0.003100
133015 0.700700 0.292100 0.007200
133012 0.596500 0.398700 0.004800
133013 0.669400 0.326600 0.004000
133018 0.663800 0.328600 0.007600
133019 0.648200 0.345700 0.006100
133016 0.747200 0.221000 0.031800
133017 0.664000 0.329800 0.006200
133022 0.654400 0.337600 0.008000
133023 0.734600 0.233300 0.032100
133020 0.647800 0.346400 0.005800
133021 0.645600 0.346700 0.007700
133026 0.673900 0.321300 0.004800
133027 0.681200 0.312000 0.006800
133024 0.605600 0.386800 0.007600
133025 0.599400 0.393900 0.006700
133030 0.679700 0.311600 0.008700
133031 0.663900 0.325200 0.010900
133028 0.868900 0.127700 0.003400
133029 0.735900 0.223900 0.040200
133034 0.642200 0.347400 0.010400
133035 0.647200 0.343200 0.009600
133032 0.657900 0.333400 0.008700
133033 0.646400 0.345400 0.008200
133038 0.610700 0.378800 0.010500
133039 0.742600 0.238400 0.019000
133036 0.730100 0.230700 0.039200
133037 0.606000 0.384800 0.009200
133042 0.908500 0.067900 0.023600
133043 0.670000 0.228300 0.101700
133040 0.728400 0.240900 0.030700
133041 0.724500 0.234100 0.041400
133046 0.523400 0.218500 0.258100
133047 0.442700 0.221000 0.336300
133044 0.641800 0.220300 0.137900
133045 0.581900 0.225400 0.192700
133050 0.258700 0.281800 0.459500
133051 0.258100 0.277000 0.464900
133048 0.371300 0.222600 0.406100
133049 0.072500 0.034500 0.893000
133054 0.665500 0.326600 0.007900
133055 0.667100 0.228700 0.104200
133052 0.638600 0.356100 0.005300
133053 0.650600 0.342000 0.007400
133058 0.465400 0.521800 0.012800
133059 0.453800 0.532900 0.013300
133056 0.724200 0.272100 0.003700
133057 0.468300 0.519000 0.012700
133062 0.273400 0.672400 0.054200
133063 0.388000 0.598700 0.013300
133060 0.426300 0.559800 0.013900
133061 0.415800 0.568700 0.015500
133066 0.645200 0.349400 0.005400
133067 0.653100 0.339700 0.007200
133064 0.376000 0.612300 0.011700
133065 0.627100 0.367700 0.005200
133070 0.711900 0.283700 0.004400
133071 0.476000 0.510900 0.013100
133068 0.622600 0.227500 0.149900
133069 0.456600 0.530200 0.013200
2000 0.870300 0.122900 0.006800
133074 0.442000 0.543600 0.014400
2001 0.692800 0.269200 0.038000
133075 0.276600 0.678600 0.044800
2002 0.074100 0.068100 0.857800
133072 0.464800 0.520200 0.015000
2003 0.691200 0.261900 0.046900
133073 0.450200 0.536500 0.013300
2004 0.679100 0.272900 0.048000
133078 0.636900 0.358100 0.005000
2005 0.681000 0.269600 0.049400
133079 0.634800 0.357000 0.008200
2006 0.683900 0.268200 0.047900
133076 0.388300 0.599200 0.012500
2007 0.683300 0.266400 0.050300
133077 0.385900 0.602300 0.011800
2008 0.681000 0.269400 0.049600
133082 0.440400 0.547900 0.011700
2009 0.690000 0.259500 0.050500
133083 0.457400 0.530600 0.012000
2010 0.682800 0.265900 0.051300
133080 0.645000 0.346200 0.008800
2011 0.692100 0.261500 0.046400
133081 0.567700 0.232300 0.200000
2012 0.689400 0.256000 0.054600
133086 0.452900 0.534100 0.013000
2013 0.274800 0.686700 0.038500
133087 0.446600 0.541900 0.011500
2014 0.308600 0.687500 0.003900
133084 0.704500 0.290800 0.004700
2015 0.708800 0.278800 0.012400
133085 0.460200 0.525500 0.014300
2016 0.620400 0.373000 0.006600
133090 0.391700 0.594600 0.013700
2017 0.606400 0.389600 0.004000
133091 0.629300 0.367200 0.003500
2018 0.630400 0.364200 0.005400
133088 0.292200 0.659300 0.048500
2019 0.636000 0.360000 0.004000
133089 0.383600 0.601700 0.014700
2020 0.631400 0.364800 0.003800
133094 0.502600 0.231800 0.265600
2021 0.623700 0.372600 0.003700
133095 0.418400 0.568800 0.012800
2022 0.637500 0.358600 0.003900
133092 0.630000 0.362300 0.007700
2023 0.636100 0.358100 0.005800
133093 0.629300 0.361000 0.009700
2024 0.643300 0.351300 0.005400
133098 0.698100 0.295500 0.006400
2025 0.645900 0.349500 0.004600
133099 0.454200 0.531900 0.013900
2026 0.069400 0.041600 0.889000
133096 0.437400 0.549200 0.013400
2027 0.738100 0.250800 0.011100
133097 0.433900 0.553500 0.012600
2028 0.340600 0.647100 0.012300
133102 0.389300 0.596100 0.014600
2029 0.694600 0.290600 0.014800
133103 0.384200 0.601200 0.014600
2030 0.687300 0.298600 0.014100
133100 0.446500 0.541500 0.012000
2031 0.710000 0.274900 0.015100
133101 0.308200 0.646300 0.045500
2032 0.710700 0.275100 0.014200
133106 0.625800 0.364100 0.010100
2033 0.717300 0.265300 0.017400
133107 0.411200 0.233500 0.355300
2034 0.711800 0.272200 0.016000
133104 0.628100 0.366900 0.005000
2035 0.721800 0.263500 0.014700
133105 0.637200 0.355400 0.007400
2036 0.722600 0.262000 0.015400
133110 0.429600 0.557800 0.012600
2037 0.727600 0.256000 0.016400
133111 0.444600 0.542000 0.013400
2038 0.729000 0.256100 0.014900
133108 0.413400 0.572300 0.014300
2039 0.718400 0.234500 0.047100
133109 0.425600 0.561600 0.012800
2040 0.636300 0.360300 0.003400
133114 0.309200 0.639300 0.051500
2041 0.719500 0.267500 0.013000
133115 0.402600 0.583200 0.014200
2042 0.452000 0.543200 0.004800
133112 0.692400 0.299500 0.008100
2043 0.623700 0.371600 0.004700
133113 0.453600 0.533900 0.012500
2044 0.626500 0.369700 0.003800
133118 0.634500 0.357100 0.008400
2045 0.623000 0.372700 0.004300
133119 0.635400 0.354000 0.010600
2046 0.658900 0.336100 0.005000
133116 0.390000 0.596000 0.014000
2047 0.653600 0.341200 0.005200
133117 0.635000 0.360700 0.004300
2048 0.657400 0.339200 0.003400
133122 0.403800 0.583900 0.012300
2049 0.657100 0.338800 0.004100
133123 0.420300 0.569400 0.010300
2050 0.668500 0.326100 0.005400
133120 0.343500 0.226700 0.429800
2051 0.666600 0.328800 0.004600
133121 0.392600 0.595200 0.012200
2052 0.717000 0.230000 0.053000
133126 0.689200 0.303100 0.007700
2053 0.631800 0.364100 0.004100
133127 0.314900 0.635300 0.049800
2054 0.716900 0.268400 0.014700
133124 0.417600 0.568100 0.014300
2055 0.635700 0.359800 0.004500
133125 0.427700 0.558600 0.013700
2056 0.460200 0.536600 0.003200
133130 0.728600 0.249300 0.022100
2057 0.623100 0.372600 0.004300
133131 0.721800 0.247600 0.030600
2058 0.632100 0.364000 0.003900
133128 0.408300 0.576300 0.015400
2059 0.641800 0.353500 0.004700
133129 0.394000 0.591900 0.014100
2060 0.650800 0.344900 0.004300
133134 0.695400 0.246300 0.058300
2061 0.655300 0.339400 0.005300
133135 0.704900 0.241600 0.053500
2062 0.668700 0.327900 0.003400
133132 0.715900 0.242300 0.041800
2063 0.660200 0.334400 0.005400
133133 0.029400 0.032400 0.938200
2064 0.663100 0.332600 0.004300
133138 0.656300 0.288700 0.055000
2065 0.714400 0.236700 0.048900
133139 0.661900 0.285000 0.053100
2066 0.645700 0.350200 0.004100
133136 0.686300 0.264000 0.049700
2067 0.751500 0.233800 0.014700
133137 0.678500 0.271700 0.049800
2068 0.652400 0.342300 0.005300
133142 0.665700 0.271800 0.062500
2069 0.651700 0.345100 0.003200
133143 0.406800 0.587200 0.006000
2070 0.470100 0.526100 0.003800
133140 0.320400 0.650800 0.028800
2071 0.610100 0.386000 0.003900
133141 0.660100 0.287600 0.052300
2072 0.622100 0.373500 0.004400
133146 0.291000 0.228000 0.481000
2073 0.631800 0.363900 0.004300
133147 0.625900 0.361900 0.012200
2074 0.649300 0.345400 0.005300
133144 0.404600 0.587800 0.007600
2075 0.655300 0.340200 0.004500
133145 0.403000 0.587400 0.009600
2076 0.654200 0.342200 0.003600
133150 0.621100 0.365400 0.013500
2077 0.666300 0.328300 0.005400
133151 0.611200 0.374000 0.014800
2078 0.712500 0.241300 0.046200
133148 0.623700 0.364200 0.012100
2079 0.662600 0.333100 0.004300
133149 0.624600 0.360000 0.015400
2080 0.734400 0.251200 0.014400
133154 0.458600 0.529600 0.011800
2081 0.661600 0.333400 0.005000
133155 0.632900 0.353100 0.014000
2082 0.644200 0.352000 0.003800
133152 0.595800 0.389500 0.014700
2083 0.637200 0.358500 0.004300
133153 0.681800 0.261900 0.056300
2084 0.472000 0.524600 0.003400
133158 0.404900 0.585100 0.010000
2085 0.611300 0.384000 0.004700
133159 0.304100 0.225100 0.470800
2086 0.618800 0.378200 0.003000
133156 0.419800 0.573300 0.006900
2087 0.625100 0.369700 0.005200
133157 0.413000 0.578700 0.008300
2088 0.639700 0.355200 0.005100
133162 0.624300 0.362900 0.012800
2089 0.658100 0.337100 0.004800
133163 0.632400 0.355400 0.012200
2090 0.669800 0.325500 0.004700
133160 0.635200 0.351200 0.013600
2091 0.707900 0.240400 0.051700
133161 0.626400 0.360000 0.013600
2092 0.657500 0.338400 0.004100
133166 0.708500 0.234100 0.057400
2093 0.743800 0.242700 0.013500
133167 0.661700 0.324100 0.014200
2094 0.676500 0.318500 0.005000
133164 0.607900 0.376500 0.015600
2095 0.661800 0.334500 0.003700
133165 0.619400 0.365400 0.015200
2096 0.652000 0.343900 0.004100
2097 0.636300 0.359900 0.003800
2098 0.478700 0.518600 0.002700
133168 0.467700 0.518400 0.013900
2099 0.602000 0.393200 0.004800
2100 0.626700 0.368900 0.004400
2101 0.623700 0.371800 0.004500
2102 0.642500 0.352700 0.004800
2103 0.661700 0.334500 0.003800
2104 0.719500 0.230100 0.050400
2105 0.657500 0.338900 0.003600
2106 0.742400 0.240900 0.016700
2107 0.684900 0.311400 0.003700
2108 0.660200 0.334600 0.005200
