0 0.021490 0.021830 0.956680
1 0.876660 0.115930 0.007410
2 0.871880 0.120390 0.007730
3 0.867890 0.124360 0.007750
4 0.865120 0.127480 0.007400
5 0.881430 0.109960 0.008610
6 0.878540 0.113380 0.008080
7 0.878150 0.113560 0.008290
8 0.879080 0.112550 0.008370
9 0.880420 0.110060 0.009520
10 0.882810 0.107720 0.009470
11 0.889270 0.101340 0.009390
12 0.893460 0.097400 0.009140
13 0.917070 0.074930 0.008000
14 0.818430 0.177150 0.004420
15 0.826380 0.169540 0.004080
16 0.823090 0.173030 0.003880
17 0.820670 0.175650 0.003680
18 0.825460 0.170840 0.003700
19 0.838440 0.157870 0.003690
20 0.833170 0.163570 0.003260
21 0.833620 0.162320 0.004060
22 0.835620 0.160430 0.003950
23 0.841850 0.154260 0.003890
24 0.844970 0.150890 0.004140
25 0.848020 0.147500 0.004480
26 0.912080 0.080070 0.007850
27 0.858530 0.137370 0.004100
28 0.812950 0.182860 0.004190
29 0.805150 0.191210 0.003640
30 0.802250 0.194200 0.003550
31 0.808600 0.187750 0.003650
32 0.820400 0.176120 0.003480
33 0.832780 0.163990 0.003230
34 0.830310 0.165530 0.004160
35 0.833200 0.163200 0.003600
36 0.838230 0.157620 0.004150
37 0.841440 0.154470 0.004090
38 0.844190 0.151340 0.004470
39 0.907550 0.084720 0.007730
40 0.857200 0.139180 0.003620
41 0.838160 0.158370 0.003470
42 0.807760 0.188480 0.003760
43 0.788980 0.207570 0.003450
44 0.791690 0.204970 0.003340
45 0.805340 0.191010 0.003650
46 0.816620 0.179820 0.003560
47 0.830100 0.166280 0.003620
48 0.829150 0.166930 0.003920
49 0.835020 0.161420 0.003560
50 0.835690 0.160320 0.003990
51 0.840550 0.155150 0.004300
52 0.905400 0.087070 0.007530
53 0.852260 0.144410 0.003330
54 0.831660 0.164690 0.003650
55 0.816360 0.180370 0.003270
56 0.803960 0.192180 0.003860
57 0.777920 0.218650 0.003430
131131 0.030060 0.029390 0.940550
58 0.788540 0.208160 0.003300
59 0.799050 0.197870 0.003080
60 0.811270 0.185140 0.003590
131134 0.720350 0.247680 0.031970
61 0.828880 0.166930 0.004190
131135 0.723830 0.248990 0.027180
62 0.829750 0.166790 0.003460
131132 0.727600 0.240350 0.032050
63 0.834020 0.161960 0.004020
131133 0.723670 0.244470 0.031860
64 0.837510 0.158460 0.004030
131138 0.682170 0.288260 0.029570
65 0.923590 0.067710 0.008700
131139 0.684640 0.284630 0.030730
66 0.855540 0.140830 0.003630
131136 0.709900 0.264470 0.025630
67 0.840050 0.156450 0.003500
131137 0.696150 0.278050 0.025800
68 0.822890 0.173870 0.003240
131142 0.696440 0.271990 0.031570
69 0.804400 0.192420 0.003180
131143 0.401100 0.593720 0.005180
70 0.806800 0.189490 0.003710
131140 0.314040 0.663340 0.022620
71 0.778380 0.218210 0.003410
131141 0.680880 0.288820 0.030300
72 0.790280 0.206540 0.003180
131146 0.633990 0.358830 0.007180
73 0.802230 0.193820 0.003950
131147 0.626170 0.366440 0.007390
74 0.818560 0.178130 0.003310
131144 0.295930 0.225830 0.478240
75 0.835260 0.161030 0.003710
131145 0.630930 0.361740 0.007330
76 0.833040 0.163240 0.003720
131150 0.620810 0.372090 0.007100
77 0.838560 0.157010 0.004430
131151 0.607280 0.385140 0.007580
78 0.917320 0.073990 0.008690
131148 0.625530 0.367320 0.007150
79 0.867150 0.129390 0.003460
131149 0.631180 0.361430 0.007390
80 0.850790 0.145640 0.003570
131154 0.456380 0.535410 0.008210
81 0.835540 0.161190 0.003270
131155 0.638210 0.353570 0.008220
82 0.818140 0.178860 0.003000
131152 0.615760 0.376760 0.007480
83 0.806680 0.190110 0.003210
131153 0.712370 0.255400 0.032230
84 0.803180 0.193470 0.003350
131158 0.635150 0.357350 0.007500
85 0.774650 0.222240 0.003110
131159 0.631760 0.360990 0.007250
86 0.784600 0.211850 0.003550
131156 0.402080 0.592610 0.005310
87 0.800800 0.195340 0.003860
131157 0.296310 0.228240 0.475450
88 0.818290 0.177780 0.003930
131162 0.629630 0.362710 0.007660
89 0.833590 0.162330 0.004080
131163 0.631530 0.360960 0.007510
90 0.834440 0.161800 0.003760
131160 0.629480 0.362800 0.007720
91 0.918260 0.072990 0.008750
131161 0.627140 0.365960 0.006900
92 0.865170 0.131850 0.002980
131166 0.729040 0.238000 0.032960
93 0.864440 0.132320 0.003240
131167 0.665020 0.326250 0.008730
94 0.848160 0.148730 0.003110
131164 0.621940 0.370910 0.007150
95 0.829510 0.167260 0.003230
131165 0.625700 0.366250 0.008050
96 0.818550 0.178470 0.002980
97 0.802690 0.194320 0.002990
98 0.803380 0.193400 0.003220
131168 0.469170 0.521350 0.009480
99 0.775890 0.220460 0.003650
100 0.790140 0.206040 0.003820
101 0.804690 0.191340 0.003970
102 0.820920 0.174790 0.004290
103 0.838880 0.157040 0.004080
104 0.916320 0.074440 0.009240
105 0.863450 0.132860 0.003690
106 0.858560 0.137550 0.003890
107 0.861940 0.134510 0.003550
108 0.841160 0.155070 0.003770
109 0.832370 0.164030 0.003600
110 0.812610 0.183920 0.003470
111 0.801670 0.194680 0.003650
112 0.803920 0.191990 0.004090
113 0.772270 0.223680 0.004050
114 0.789290 0.206420 0.004290
115 0.804930 0.190670 0.004400
116 0.822750 0.172770 0.004480
117 0.921970 0.068780 0.009250
118 0.868640 0.127400 0.003960
119 0.862000 0.134390 0.003610
120 0.859870 0.136290 0.003840
121 0.860220 0.136460 0.003320
122 0.850090 0.146380 0.003530
123 0.831440 0.165330 0.003230
124 0.819630 0.176520 0.003850
125 0.801840 0.194030 0.004130
126 0.808640 0.187360 0.004000
127 0.794470 0.201130 0.004400
128 0.810280 0.185400 0.004320
129 0.827490 0.167770 0.004740
130 0.926000 0.064840 0.009160
131 0.871560 0.124060 0.004380
132 0.866850 0.129030 0.004120
133 0.865240 0.131280 0.003480
134 0.860180 0.136270 0.003550
135 0.867070 0.128860 0.004070
136 0.850890 0.145400 0.003710
137 0.836850 0.159480 0.003670
138 0.818970 0.177090 0.003940
139 0.824010 0.171660 0.004330
140 0.809620 0.185580 0.004800
141 0.814500 0.180630 0.004870
142 0.830090 0.164930 0.004980
143 0.931270 0.059690 0.009040
144 0.875320 0.120320 0.004360
145 0.872270 0.123770 0.003960
146 0.867370 0.128720 0.003910
147 0.865090 0.130940 0.003970
148 0.867020 0.129190 0.003790
149 0.866540 0.129680 0.003780
150 0.854670 0.141870 0.003460
151 0.836190 0.159390 0.004420
152 0.838460 0.157230 0.004310
153 0.843720 0.151220 0.005060
154 0.815290 0.179660 0.005050
155 0.832710 0.162560 0.004730
156 0.934940 0.055350 0.009710
157 0.883000 0.112580 0.004420
158 0.875380 0.119730 0.004890
159 0.874000 0.121580 0.004420
160 0.867350 0.128590 0.004060
161 0.871080 0.124630 0.004290
162 0.868190 0.127690 0.004120
163 0.869880 0.125750 0.004370
164 0.853830 0.141530 0.004640
165 0.856760 0.138050 0.005190
166 0.861130 0.134000 0.004870
167 0.864650 0.130220 0.005130
168 0.819530 0.175400 0.005070
33033 0.071250 0.070060 0.858690
33034 0.487220 0.262980 0.249800
33035 0.491140 0.260340 0.248520
33036 0.492320 0.258930 0.248750
33037 0.489630 0.258290 0.252080
33038 0.494030 0.254840 0.251130
33039 0.380100 0.616110 0.003790
33040 0.370500 0.622840 0.006660
33041 0.269640 0.657130 0.073230
33042 0.307820 0.688800 0.003380
33043 0.539860 0.451110 0.009030
33044 0.559720 0.431470 0.008810
33045 0.572490 0.418760 0.008750
33046 0.683330 0.277470 0.039200
33047 0.623800 0.366870 0.009330
33048 0.621360 0.369680 0.008960
33049 0.621700 0.369470 0.008830
33050 0.622130 0.368690 0.009180
33051 0.626350 0.364170 0.009480
33052 0.378940 0.617000 0.004060
33053 0.365730 0.627890 0.006380
33054 0.271490 0.632300 0.096210
33055 0.558100 0.433280 0.008620
33056 0.310430 0.686310 0.003260
33057 0.546890 0.443800 0.009310
33058 0.563630 0.428020 0.008350
33059 0.668250 0.293130 0.038620
33060 0.613680 0.377230 0.009090
33061 0.623250 0.367830 0.008920
33062 0.620520 0.370130 0.009350
33063 0.619960 0.370410 0.009630
33064 0.631010 0.359930 0.009060
33065 0.391410 0.604640 0.003950
33066 0.379460 0.614090 0.006450
33067 0.271460 0.594050 0.134490
33068 0.578310 0.412970 0.008720
33069 0.567100 0.424540 0.008360
33070 0.316870 0.679060 0.004070
33071 0.553770 0.437240 0.008990
33072 0.654490 0.307250 0.038260
33073 0.600300 0.390470 0.009230
33074 0.612830 0.378230 0.008940
33075 0.623990 0.366940 0.009070
33076 0.622210 0.368480 0.009310
33077 0.626680 0.364060 0.009260
33078 0.388770 0.607040 0.004190
33079 0.386770 0.607500 0.005730
33080 0.268070 0.543050 0.188880
33081 0.591340 0.400720 0.007940
33082 0.583140 0.408040 0.008820
33083 0.572360 0.419050 0.008590
33084 0.322850 0.672940 0.004210
33085 0.646780 0.317190 0.036030
33086 0.591500 0.399290 0.009210
33087 0.599100 0.391680 0.009220
33088 0.616230 0.375160 0.008610
33089 0.625430 0.365740 0.008830
33090 0.628500 0.362060 0.009440
33091 0.277510 0.698420 0.024070
33092 0.272820 0.692510 0.034670
164166 0.521380 0.233080 0.245540
33093 0.070720 0.038840 0.890440
164167 0.523090 0.232100 0.244810
33094 0.710860 0.249360 0.039780
164164 0.030320 0.030300 0.939380
33095 0.698600 0.262380 0.039020
164165 0.518960 0.236650 0.244390
33096 0.686630 0.274490 0.038880
33097 0.674980 0.287950 0.037070
33098 0.337300 0.640490 0.022210
164168 0.324350 0.634050 0.041600
33099 0.647390 0.312610 0.040000
33100 0.661630 0.296830 0.041540
33101 0.676230 0.280300 0.043470
33102 0.688900 0.266040 0.045060
33103 0.703340 0.250280 0.046380
33104 0.422610 0.573150 0.004240
33105 0.421190 0.572440 0.006370
33106 0.508080 0.227870 0.264050
33107 0.645130 0.346070 0.008800
33108 0.632710 0.358780 0.008510
33109 0.621090 0.370270 0.008640
33110 0.611720 0.379480 0.008800
33111 0.675390 0.282030 0.042580
33112 0.460890 0.533240 0.005870
33113 0.607400 0.383080 0.009520
33114 0.623580 0.366490 0.009930
33115 0.634430 0.356220 0.009350
33116 0.649410 0.340940 0.009650
33117 0.426010 0.569960 0.004030
33118 0.425070 0.568540 0.006390
33119 0.510380 0.232020 0.257600
33120 0.640280 0.350510 0.009210
33121 0.642880 0.347920 0.009200
33122 0.635810 0.355000 0.009190
33123 0.623370 0.367030 0.009600
33124 0.690290 0.266480 0.043230
33125 0.630040 0.360850 0.009110
33126 0.470520 0.522520 0.006960
33127 0.625440 0.364970 0.009590
33128 0.635610 0.354890 0.009500
33129 0.651720 0.338840 0.009440
33130 0.429540 0.565540 0.004920
33131 0.428130 0.565160 0.006710
33132 0.511560 0.227120 0.261320
33133 0.645490 0.345590 0.008920
33134 0.643730 0.347150 0.009120
33135 0.647340 0.343520 0.009140
33136 0.635530 0.355440 0.009030
33137 0.706290 0.248360 0.045350
33138 0.644330 0.346600 0.009070
33139 0.644550 0.345780 0.009670
33140 0.480430 0.511190 0.008380
33141 0.640110 0.350180 0.009710
33142 0.649870 0.339910 0.010220
33143 0.435410 0.559720 0.004870
33144 0.432520 0.560840 0.006640
33145 0.512460 0.224140 0.263400
33146 0.645830 0.345080 0.009090
33147 0.644940 0.345780 0.009280
33148 0.643220 0.347340 0.009440
33149 0.649260 0.341160 0.009580
33150 0.720190 0.233510 0.046300
33151 0.656800 0.333490 0.009710
33152 0.656970 0.332760 0.010270
33153 0.660510 0.329620 0.009870
33154 0.488300 0.502010 0.009690
33155 0.655930 0.334260 0.009810
33156 0.440830 0.554460 0.004710
33157 0.433810 0.559190 0.007000
33158 0.517920 0.218610 0.263470
33159 0.652330 0.338140 0.009530
33160 0.651010 0.339860 0.009130
33161 0.651040 0.339430 0.009530
33162 0.650040 0.340540 0.009420
33163 0.733900 0.218540 0.047560
33164 0.671060 0.319300 0.009640
33165 0.674660 0.315400 0.009940
33166 0.674450 0.315860 0.009690
33167 0.681250 0.308470 0.010280
33168 0.496620 0.491630 0.011750
66067 0.713720 0.256760 0.029520
66066 0.030900 0.030540 0.938560
66069 0.683860 0.288590 0.027550
66068 0.700130 0.271920 0.027950
66071 0.660040 0.308710 0.031250
66070 0.306130 0.673280 0.020590
66073 0.669830 0.297120 0.033050
66072 0.655480 0.314610 0.029910
66075 0.701830 0.263310 0.034860
66074 0.685270 0.281020 0.033710
66077 0.707320 0.257640 0.035040
66076 0.702110 0.262760 0.035130
66079 0.620910 0.236870 0.142220
66078 0.410860 0.585350 0.003790
66081 0.620570 0.373510 0.005920
66080 0.634430 0.359640 0.005930
66083 0.691710 0.275500 0.032790
66082 0.607810 0.386300 0.005890
66085 0.597420 0.396710 0.005870
66084 0.448260 0.547910 0.003830
66087 0.620270 0.373440 0.006290
66086 0.606140 0.387330 0.006530
66089 0.644110 0.348900 0.006990
66088 0.633880 0.359930 0.006190
66091 0.409200 0.587180 0.003620
66090 0.642630 0.350960 0.006410
66093 0.640990 0.352920 0.006090
66092 0.618670 0.238080 0.143250
66095 0.618500 0.375640 0.005860
66094 0.628400 0.365600 0.006000
66097 0.621120 0.372930 0.005950
66096 0.690270 0.277220 0.032510
66099 0.592590 0.400870 0.006540
66098 0.449060 0.547410 0.003530
66101 0.623030 0.370160 0.006810
66100 0.608410 0.384990 0.006600
66103 0.647350 0.345980 0.006670
66102 0.634680 0.358800 0.006520
66105 0.615550 0.240330 0.144120
66104 0.409600 0.586560 0.003840
66107 0.639220 0.354430 0.006350
66106 0.636030 0.357650 0.006320
66109 0.703070 0.263470 0.033460
66108 0.626940 0.366560 0.006500
66111 0.617520 0.375850 0.006630
66110 0.632090 0.361640 0.006270
66113 0.594090 0.398750 0.007160
66112 0.456260 0.538870 0.004870
66115 0.618750 0.373800 0.007450
66114 0.605410 0.388200 0.006390
66117 0.415370 0.580260 0.004370
66116 0.627360 0.365350 0.007290
66119 0.635280 0.358000 0.006720
66118 0.617960 0.238570 0.143470
66121 0.638210 0.355290 0.006500
66120 0.637510 0.356300 0.006190
66123 0.646520 0.347070 0.006410
66122 0.718190 0.247520 0.034290
66125 0.617050 0.376000 0.006950
66124 0.635580 0.358020 0.006400
66127 0.609800 0.383330 0.006870
66126 0.468390 0.526210 0.005400
66129 0.634070 0.359320 0.006610
66128 0.618660 0.374110 0.007230
66131 0.621420 0.233620 0.144960
66130 0.421080 0.574750 0.004170
66133 0.642210 0.351230 0.006560
66132 0.641280 0.352050 0.006670
66135 0.737150 0.227810 0.035040
66134 0.638410 0.355140 0.006450
66137 0.645920 0.347670 0.006410
66136 0.660710 0.332680 0.006610
66139 0.639090 0.353800 0.007110
66138 0.632080 0.360750 0.007170
66141 0.624180 0.368220 0.007600
66140 0.472160 0.521360 0.006480
66143 0.420570 0.574870 0.004560
66142 0.638720 0.354100 0.007180
66145 0.643340 0.350320 0.006340
66144 0.621270 0.232380 0.146350
66147 0.639340 0.354070 0.006590
66146 0.643720 0.349810 0.006470
66149 0.673300 0.319720 0.006980
66148 0.734370 0.229440 0.036190
66151 0.644330 0.349030 0.006640
66150 0.662980 0.330370 0.006650
66153 0.655850 0.336700 0.007450
66152 0.647250 0.345550 0.007200
66155 0.639670 0.353060 0.007270
66154 0.480160 0.513050 0.006790
66157 0.622490 0.228580 0.148930
66156 0.417930 0.577360 0.004710
66159 0.644680 0.348020 0.007300
66158 0.644790 0.348130 0.007080
66161 0.740230 0.223560 0.036210
66160 0.644680 0.348340 0.006980
66163 0.674660 0.318450 0.006890
66162 0.674930 0.318660 0.006410
66165 0.661970 0.330830 0.007200
66164 0.660450 0.332420 0.007130
66167 0.667950 0.325230 0.006820
66166 0.666220 0.326210 0.007570
66168 0.485390 0.505770 0.008840
99099 0.072210 0.072740 0.855050
99101 0.440290 0.250710 0.309000
99100 0.428350 0.256290 0.315360
99103 0.446670 0.244580 0.308750
99102 0.442810 0.248780 0.308410
99105 0.329820 0.639380 0.030800
99104 0.333350 0.646190 0.020460
99107 0.327300 0.621740 0.050960
99106 0.326410 0.631590 0.042000
99109 0.301500 0.607380 0.091120
99108 0.311890 0.618950 0.069160
99111 0.072530 0.037890 0.889580
99110 0.285690 0.587120 0.127190
99113 0.560040 0.271700 0.168260
99112 0.380440 0.593960 0.025600
99115 0.570410 0.259650 0.169940
99114 0.566370 0.267080 0.166550
99117 0.460090 0.535150 0.004760
99116 0.588380 0.243420 0.168200
99119 0.456860 0.533850 0.009290
99118 0.459090 0.534290 0.006620
99121 0.458160 0.523140 0.018700
99120 0.453690 0.533940 0.012370
99123 0.440500 0.513110 0.046390
99122 0.447870 0.523260 0.028870
99125 0.585720 0.240950 0.173330
99124 0.446420 0.225670 0.327910
99127 0.601440 0.330440 0.068120
99126 0.486350 0.500870 0.012780
99129 0.623170 0.309760 0.067070
99128 0.614010 0.318410 0.067580
99131 0.464470 0.528340 0.007190
99130 0.464280 0.530570 0.005150
99133 0.461060 0.525730 0.013210
99132 0.461890 0.528870 0.009240
99135 0.463500 0.507380 0.029120
99134 0.459020 0.522910 0.018070
99137 0.456660 0.217920 0.325420
99136 0.452250 0.501310 0.046440
99139 0.620090 0.309860 0.070050
99138 0.590640 0.236120 0.173240
99141 0.611920 0.321110 0.066970
99140 0.497540 0.485460 0.017000
99143 0.472300 0.522750 0.004950
99142 0.621710 0.311840 0.066450
99145 0.465470 0.524930 0.009600
99144 0.470510 0.522210 0.007280
99147 0.464080 0.516880 0.019040
99146 0.461960 0.525100 0.012940
99149 0.468590 0.484460 0.046950
99148 0.466240 0.504020 0.029740
99151 0.597860 0.227000 0.175140
99150 0.463050 0.213390 0.323560
99153 0.628300 0.302350 0.069350
99152 0.628130 0.300520 0.071350
99155 0.621500 0.310110 0.068390
99154 0.506540 0.472900 0.020560
99157 0.478890 0.513780 0.007330
99156 0.482180 0.512200 0.005620
99159 0.474260 0.512470 0.013270
99158 0.476460 0.513070 0.010470
99161 0.474920 0.495550 0.029530
99160 0.476050 0.504740 0.019210
99163 0.463570 0.208840 0.327590
99162 0.476120 0.477480 0.046400
99165 0.642120 0.285060 0.072820
99164 0.614660 0.209190 0.176150
99167 0.639620 0.290970 0.069410
99166 0.642590 0.287740 0.069670
99168 0.519500 0.454190 0.026310
1001 0.072090 0.072170 0.855740
1002 0.694510 0.266130 0.039360
1003 0.691830 0.269990 0.038180
1004 0.688820 0.273770 0.037410
1005 0.693840 0.268460 0.037700
1006 0.691650 0.269110 0.039240
1007 0.686420 0.273800 0.039780
1008 0.688860 0.270290 0.040850
1009 0.692920 0.267150 0.039930
1010 0.699100 0.260370 0.040530
1011 0.700100 0.258570 0.041330
1012 0.706440 0.251830 0.041730
1013 0.071660 0.038230 0.890110
1014 0.334280 0.657440 0.008280
1015 0.708460 0.280010 0.011530
1016 0.704740 0.284630 0.010630
1017 0.704370 0.284620 0.011010
1018 0.720970 0.267840 0.011190
1019 0.718170 0.270010 0.011820
1020 0.716320 0.272420 0.011260
1021 0.718080 0.270550 0.011370
1022 0.724340 0.263760 0.011900
1023 0.726920 0.260740 0.012340
1024 0.730070 0.257430 0.012500
1025 0.734550 0.253330 0.012120
1026 0.725890 0.234210 0.039900
1027 0.741840 0.247040 0.011120
1028 0.457100 0.539420 0.003480
1029 0.631730 0.363070 0.005200
1030 0.628640 0.366860 0.004500
1031 0.640520 0.354710 0.004770
1032 0.648570 0.346610 0.004820
1033 0.659970 0.335710 0.004320
1034 0.655970 0.339470 0.004560
1035 0.658280 0.336520 0.005200
1036 0.661310 0.333880 0.004810
1037 0.666080 0.328620 0.005300
1038 0.667800 0.327050 0.005150
1039 0.725010 0.235960 0.039030
1040 0.737060 0.252070 0.010870
1041 0.652180 0.342800 0.005020
1042 0.455130 0.541030 0.003840
1043 0.616970 0.378160 0.004870
1044 0.628630 0.366780 0.004590
1045 0.639260 0.356130 0.004610
1046 0.645730 0.349900 0.004370
1047 0.656740 0.338430 0.004830
1048 0.656170 0.339520 0.004310
1049 0.658460 0.336400 0.005140
1050 0.663970 0.331060 0.004970
1051 0.664860 0.329900 0.005240
1052 0.721260 0.240780 0.037960
1053 0.731750 0.257170 0.011080
1054 0.652400 0.343320 0.004280
1055 0.640620 0.355160 0.004220
1056 0.452390 0.544060 0.003550
1057 0.619220 0.376320 0.004460
1058 0.626290 0.369320 0.004390
1059 0.636360 0.359550 0.004090
1060 0.646020 0.349250 0.004730
132134 0.715790 0.242680 0.041530
1061 0.655630 0.339720 0.004650
132135 0.714380 0.248750 0.036870
1062 0.655770 0.338990 0.005240
132132 0.031380 0.030080 0.938540
1063 0.658120 0.336810 0.005070
132133 0.719170 0.239250 0.041580
1064 0.663860 0.330990 0.005150
132138 0.671390 0.289350 0.039260
1065 0.724180 0.235720 0.040100
132139 0.676940 0.283660 0.039400
1066 0.751180 0.236900 0.011920
132136 0.702270 0.260470 0.037260
1067 0.665520 0.330420 0.004060
132137 0.690350 0.274280 0.035370
1068 0.652970 0.343100 0.003930
132142 0.684730 0.271160 0.044110
1069 0.638120 0.357530 0.004350
132143 0.402670 0.592220 0.005110
1070 0.469280 0.527210 0.003510
132140 0.318450 0.657870 0.023680
1071 0.626630 0.368980 0.004390
132141 0.672100 0.285320 0.042580
1072 0.623520 0.372130 0.004350
132146 0.632560 0.357830 0.009610
1073 0.634350 0.360670 0.004980
132147 0.628630 0.361760 0.009610
1074 0.641870 0.353080 0.005050
132144 0.399150 0.593020 0.007830
1075 0.659060 0.336190 0.004750
132145 0.287190 0.229270 0.483540
1076 0.656880 0.337820 0.005300
132150 0.622180 0.368170 0.009650
1077 0.660830 0.334010 0.005160
132151 0.606780 0.382890 0.010330
1078 0.724680 0.235890 0.039430
132148 0.625360 0.365190 0.009450
1079 0.749780 0.237920 0.012300
132149 0.629670 0.360510 0.009820
1080 0.670470 0.325170 0.004360
132154 0.463410 0.525640 0.010950
1081 0.661410 0.334660 0.003930
132155 0.635980 0.353480 0.010540
1082 0.645250 0.350630 0.004120
132152 0.611080 0.378830 0.010090
1083 0.648450 0.347630 0.003920
132153 0.702070 0.255170 0.042760
1084 0.470810 0.525770 0.003420
132158 0.294960 0.224140 0.480900
1085 0.612520 0.383390 0.004090
132159 0.634730 0.355790 0.009480
1086 0.621700 0.373790 0.004510
132156 0.404680 0.590380 0.004940
1087 0.631410 0.363650 0.004940
132157 0.404060 0.588810 0.007130
1088 0.646040 0.349030 0.004930
132162 0.626380 0.363630 0.009990
1089 0.656480 0.338300 0.005220
132163 0.634020 0.355760 0.010220
1090 0.660880 0.334240 0.004880
132160 0.630070 0.360060 0.009870
1091 0.718800 0.241260 0.039940
132161 0.626180 0.364000 0.009820
1092 0.748390 0.239810 0.011800
132166 0.716380 0.238890 0.044730
1093 0.680450 0.315460 0.004090
132167 0.663580 0.325690 0.010730
1094 0.667840 0.327500 0.004660
132164 0.615360 0.374540 0.010100
1095 0.659030 0.337040 0.003930
132165 0.622510 0.367270 0.010220
1096 0.645040 0.351110 0.003850
1097 0.633270 0.362650 0.004080
1098 0.470720 0.526000 0.003280
132168 0.470380 0.517120 0.012500
1099 0.605990 0.389520 0.004490
1100 0.622680 0.372760 0.004560
1101 0.635850 0.359590 0.004560
1102 0.647420 0.347820 0.004760
1103 0.659340 0.335540 0.005120
1104 0.717430 0.240960 0.041610
1105 0.748210 0.239170 0.012620
1106 0.679880 0.315360 0.004760
1107 0.680400 0.315220 0.004380
1108 0.665870 0.329840 0.004290
1109 0.655960 0.339460 0.004580
1110 0.644450 0.351540 0.004010
1111 0.629850 0.365930 0.004220
1112 0.475970 0.519700 0.004330
1113 0.608910 0.386190 0.004900
1114 0.621170 0.373640 0.005190
1115 0.631730 0.363270 0.005000
1116 0.645550 0.349050 0.005400
1117 0.724050 0.234410 0.041540
1118 0.752610 0.235260 0.012130
1119 0.680750 0.314520 0.004730
1120 0.679270 0.315910 0.004820
1121 0.679540 0.315660 0.004800
1122 0.669340 0.326170 0.004490
1123 0.656130 0.339380 0.004490
1124 0.642790 0.352590 0.004620
1125 0.629030 0.366060 0.004910
1126 0.480370 0.515190 0.004440
1127 0.626440 0.368330 0.005230
1128 0.633320 0.361210 0.005470
1129 0.649320 0.345530 0.005150
1130 0.728350 0.229470 0.042180
1131 0.758640 0.229430 0.011930
1132 0.685300 0.310090 0.004610
1133 0.682450 0.312600 0.004950
1134 0.682560 0.312740 0.004700
1135 0.679930 0.315430 0.004640
1136 0.667700 0.327600 0.004700
1137 0.656170 0.339410 0.004420
1138 0.643420 0.351190 0.005390
1139 0.646740 0.348100 0.005160
1140 0.484380 0.510650 0.004970
1141 0.640330 0.353940 0.005730
1142 0.651210 0.342920 0.005870
1143 0.732670 0.224530 0.042800
1144 0.762710 0.224730 0.012560
1145 0.686650 0.308240 0.005110
1146 0.684670 0.310270 0.005060
1147 0.684780 0.310220 0.005000
1148 0.682980 0.312090 0.004930
1149 0.679060 0.316050 0.004890
1150 0.667900 0.327170 0.004930
1151 0.654230 0.340650 0.005120
1152 0.657610 0.336780 0.005610
1153 0.664330 0.329750 0.005920
1154 0.493320 0.501270 0.005410
1155 0.655010 0.339130 0.005860
1156 0.736070 0.220200 0.043730
1157 0.766590 0.220620 0.012790
1158 0.693440 0.301060 0.005500
1159 0.690040 0.304720 0.005240
1160 0.685050 0.310200 0.004750
1161 0.683250 0.312130 0.004620
1162 0.679680 0.315840 0.004480
1163 0.682690 0.312770 0.004540
1164 0.667100 0.327810 0.005090
1165 0.668400 0.325430 0.006170
1166 0.674680 0.319590 0.005730
1167 0.681970 0.311780 0.006250
1168 0.496420 0.497370 0.006210
34034 0.072370 0.070820 0.856810
34035 0.423920 0.258090 0.317990
34036 0.429840 0.253800 0.316360
34037 0.431300 0.251260 0.317440
34038 0.429940 0.252190 0.317870
34039 0.383870 0.611800 0.004330
34040 0.372140 0.621510 0.006350
34041 0.269350 0.657310 0.073340
34042 0.310270 0.685830 0.003900
34043 0.533640 0.457300 0.009060
34044 0.549640 0.441690 0.008670
34045 0.564860 0.425470 0.009670
34046 0.577290 0.413660 0.009050
34047 0.689890 0.268290 0.041820
34048 0.623230 0.367370 0.009400
34049 0.622890 0.367220 0.009890
34050 0.625630 0.364930 0.009440
34051 0.625240 0.365630 0.009130
34052 0.385690 0.609870 0.004440
34053 0.374460 0.618940 0.006600
34054 0.274830 0.627830 0.097340
34055 0.553530 0.437470 0.009000
34056 0.310620 0.685800 0.003580
34057 0.545890 0.445400 0.008710
34058 0.558000 0.432960 0.009040
34059 0.571840 0.419250 0.008910
34060 0.680230 0.277460 0.042310
34061 0.625050 0.365770 0.009180
34062 0.623920 0.367260 0.008820
34063 0.622040 0.368360 0.009600
34064 0.626020 0.364470 0.009510
34065 0.396000 0.599410 0.004590
34066 0.385230 0.608420 0.006350
34067 0.271590 0.590910 0.137500
34068 0.572490 0.418830 0.008680
34069 0.565380 0.425640 0.008980
34070 0.317560 0.677980 0.004460
34071 0.548120 0.442730 0.009150
34072 0.563630 0.427510 0.008860
34073 0.664600 0.292500 0.042900
34074 0.615400 0.375540 0.009060
34075 0.628130 0.362270 0.009600
34076 0.628630 0.362210 0.009160
34077 0.626650 0.363380 0.009970
34078 0.393800 0.602190 0.004010
34079 0.396330 0.597080 0.006590
34080 0.270990 0.540110 0.188900
34081 0.585080 0.406380 0.008540
34082 0.577600 0.413390 0.009010
34083 0.570290 0.420420 0.009290
34084 0.322570 0.672460 0.004970
34085 0.558710 0.432030 0.009260
34086 0.653940 0.305920 0.040140
34087 0.604670 0.385360 0.009970
34088 0.619760 0.370600 0.009640
34089 0.629530 0.360790 0.009680
34090 0.628300 0.361510 0.010190
34091 0.396790 0.599400 0.003810
34092 0.388170 0.605050 0.006780
165166 0.426980 0.235580 0.337440
34093 0.268730 0.466590 0.264680
165167 0.424160 0.235990 0.339850
34094 0.597990 0.393210 0.008800
34095 0.592950 0.398600 0.008450
165165 0.031440 0.029890 0.938670
34096 0.583140 0.407820 0.009040
34097 0.577210 0.413970 0.008820
34098 0.330030 0.664200 0.005770
165168 0.313640 0.641350 0.045010
34099 0.643880 0.314480 0.041640
34100 0.599590 0.390810 0.009600
34101 0.611030 0.379740 0.009230
34102 0.620900 0.368980 0.010120
34103 0.629480 0.360430 0.010090
34104 0.276620 0.695340 0.028040
34105 0.272370 0.688430 0.039200
34106 0.070880 0.037660 0.891460
34107 0.721170 0.233320 0.045510
34108 0.707310 0.248260 0.044430
34109 0.693230 0.264010 0.042760
34110 0.679370 0.278550 0.042080
34111 0.670030 0.288140 0.041830
34112 0.334920 0.636240 0.028840
34113 0.643690 0.311570 0.044740
34114 0.660390 0.293880 0.045730
34115 0.671480 0.280840 0.047680
34116 0.686910 0.263970 0.049120
34117 0.428730 0.566510 0.004760
34118 0.422550 0.570800 0.006650
34119 0.444930 0.224620 0.330450
34120 0.645210 0.345640 0.009150
34121 0.646490 0.344630 0.008880
34122 0.636090 0.354250 0.009660
34123 0.622450 0.368470 0.009080
34124 0.619780 0.370850 0.009370
34125 0.671130 0.283750 0.045120
34126 0.470860 0.521680 0.007460
34127 0.626370 0.363930 0.009700
34128 0.637670 0.351700 0.010630
34129 0.653330 0.336800 0.009870
34130 0.430140 0.565250 0.004610
34131 0.428280 0.564950 0.006770
34132 0.445180 0.223260 0.331560
34133 0.646390 0.344220 0.009390
34134 0.646340 0.344300 0.009360
34135 0.647330 0.343490 0.009180
34136 0.639680 0.350690 0.009630
34137 0.633290 0.357210 0.009500
34138 0.686050 0.265630 0.048320
34139 0.645440 0.344490 0.010070
34140 0.476540 0.514700 0.008760
34141 0.640470 0.349010 0.010520
34142 0.651510 0.338630 0.009860
34143 0.431210 0.563590 0.005200
34144 0.428180 0.564500 0.007320
34145 0.447080 0.221200 0.331720
34146 0.645770 0.345120 0.009110
34147 0.644880 0.345120 0.010000
34148 0.647910 0.343290 0.008800
34149 0.649920 0.340500 0.009580
34150 0.642210 0.348370 0.009420
34151 0.703430 0.247440 0.049130
34152 0.659070 0.330830 0.010100
34153 0.663290 0.326620 0.010090
34154 0.487210 0.503710 0.009080
34155 0.655760 0.333470 0.010770
34156 0.437980 0.556240 0.005780
34157 0.434850 0.557760 0.007390
34158 0.444690 0.217920 0.337390
34159 0.645450 0.344260 0.010290
34160 0.650800 0.339370 0.009830
34161 0.647930 0.342330 0.009740
34162 0.651500 0.339010 0.009490
34163 0.656390 0.333540 0.010070
34164 0.719520 0.229910 0.050570
34165 0.675390 0.314030 0.010580
34166 0.673880 0.316120 0.010000
34167 0.679580 0.310160 0.010260
34168 0.495070 0.492810 0.012120
67067 0.030760 0.029440 0.939800
67069 0.691220 0.272300 0.036480
67068 0.706590 0.256170 0.037240
67071 0.652700 0.306690 0.040610
67070 0.321740 0.658210 0.020050
67073 0.663540 0.295010 0.041450
67072 0.665590 0.292650 0.041760
67075 0.692690 0.263550 0.043760
67074 0.679030 0.277470 0.043500
67077 0.697340 0.257910 0.044750
67076 0.695120 0.260650 0.044230
67079 0.415680 0.578090 0.006230
67078 0.415740 0.580670 0.003590
67081 0.628860 0.362490 0.008650
67080 0.619740 0.236220 0.144040
67083 0.682720 0.276310 0.040970
67082 0.619260 0.372650 0.008090
67085 0.605460 0.386030 0.008510
67084 0.449860 0.546350 0.003790
67087 0.623640 0.367420 0.008940
67086 0.611170 0.379910 0.008920
67089 0.654100 0.336820 0.009080
67088 0.639080 0.351650 0.009270
67091 0.426520 0.569890 0.003590
67090 0.652000 0.338890 0.009110
67093 0.620330 0.236510 0.143160
67092 0.425070 0.569140 0.005790
67095 0.626790 0.364800 0.008410
67094 0.637140 0.354430 0.008430
67097 0.633120 0.359120 0.007760
67096 0.700140 0.258150 0.041710
67099 0.598480 0.392880 0.008640
67098 0.466390 0.529280 0.004330
67101 0.625180 0.365620 0.009200
67100 0.610230 0.381230 0.008540
67103 0.649870 0.340960 0.009170
67102 0.635310 0.356060 0.008630
67105 0.421940 0.571510 0.006550
67104 0.425130 0.570440 0.004430
67107 0.649950 0.341140 0.008910
67106 0.615570 0.240370 0.144060
67109 0.695320 0.262840 0.041840
67108 0.636690 0.354550 0.008760
67111 0.623160 0.367930 0.008910
67110 0.637490 0.354190 0.008320
67113 0.594120 0.397220 0.008660
67112 0.466460 0.528210 0.005330
67115 0.617050 0.373640 0.009310
67114 0.609680 0.381580 0.008740
67117 0.424550 0.571110 0.004340
67116 0.634460 0.356490 0.009050
67119 0.618150 0.237220 0.144630
67118 0.425950 0.567550 0.006500
67121 0.648790 0.342480 0.008730
67120 0.645960 0.344880 0.009160
67123 0.649460 0.341760 0.008780
67122 0.712890 0.243190 0.043920
67125 0.622470 0.368710 0.008820
67124 0.636390 0.354920 0.008690
67127 0.615420 0.375390 0.009190
67126 0.474220 0.519230 0.006550
67129 0.639210 0.351320 0.009470
67128 0.622850 0.367720 0.009430
67131 0.429320 0.564080 0.006600
67130 0.429730 0.565570 0.004700
67133 0.653630 0.337450 0.008920
67132 0.624460 0.230810 0.144730
67135 0.725160 0.228780 0.046060
67134 0.648640 0.342440 0.008920
67137 0.653900 0.337200 0.008900
67136 0.669170 0.322080 0.008750
67139 0.640790 0.349960 0.009250
67138 0.633810 0.357360 0.008830
67141 0.630110 0.359840 0.010050
67140 0.484330 0.507840 0.007830
67143 0.432980 0.562820 0.004200
67142 0.639840 0.350680 0.009480
67145 0.626020 0.227460 0.146520
67144 0.428740 0.564800 0.006460
67147 0.648810 0.342700 0.008490
67146 0.651620 0.339040 0.009340
67149 0.676320 0.314480 0.009200
67148 0.725320 0.228600 0.046080
67151 0.648070 0.342910 0.009020
67150 0.665140 0.326570 0.008290
67153 0.652110 0.338040 0.009850
67152 0.650990 0.339600 0.009410
67155 0.639290 0.350580 0.010130
67154 0.488020 0.502990 0.008990
67157 0.429480 0.563160 0.007360
67156 0.435570 0.560150 0.004280
67159 0.654960 0.335440 0.009600
67158 0.627670 0.225380 0.146950
67161 0.731890 0.221730 0.046380
67160 0.655640 0.335570 0.008790
67163 0.681360 0.309220 0.009420
67162 0.678800 0.312550 0.008650
67165 0.662290 0.328070 0.009640
67164 0.662800 0.327300 0.009900
67167 0.669330 0.320590 0.010080
67166 0.668870 0.321970 0.009160
67168 0.490540 0.497440 0.012020
100101 0.364480 0.254310 0.381210
100100 0.071700 0.073050 0.855250
100103 0.381680 0.246800 0.371520
100102 0.377420 0.251810 0.370770
100105 0.417600 0.575730 0.006670
100104 0.416970 0.577810 0.005220
100107 0.414420 0.572520 0.013060
100106 0.412350 0.578040 0.009610
100109 0.390870 0.580020 0.029110
100108 0.405370 0.575890 0.018740
100111 0.260530 0.405460 0.334010
100110 0.379510 0.574500 0.045990
100113 0.551150 0.278710 0.170140
100112 0.326010 0.661110 0.012880
100115 0.573170 0.354040 0.072790
100114 0.561330 0.366050 0.072620
100117 0.320740 0.661780 0.017480
100116 0.585790 0.340690 0.073520
100119 0.315910 0.646820 0.037270
100118 0.320790 0.651050 0.028160
100121 0.313310 0.621740 0.064950
100120 0.316580 0.631840 0.051580
100123 0.284750 0.590830 0.124420
100122 0.301830 0.608740 0.089430
100125 0.575930 0.248120 0.175950
100124 0.071390 0.038350 0.890260
100127 0.560970 0.268790 0.170240
100126 0.367220 0.603820 0.028960
100129 0.580160 0.246170 0.173670
100128 0.565760 0.261630 0.172610
100131 0.453060 0.539660 0.007280
100130 0.453930 0.540890 0.005180
100133 0.451180 0.535600 0.013220
100132 0.451330 0.538790 0.009880
100135 0.446360 0.524320 0.029320
100134 0.445050 0.535710 0.019240
100137 0.376120 0.222400 0.401480
100136 0.438370 0.515140 0.046490
100139 0.584880 0.238060 0.177060
100138 0.579960 0.345630 0.074410
100141 0.602470 0.326420 0.071110
100140 0.486890 0.495690 0.017420
100143 0.459640 0.535100 0.005260
100142 0.616290 0.312030 0.071680
100145 0.455000 0.535360 0.009640
100144 0.460090 0.532540 0.007370
100147 0.450820 0.529930 0.019250
100146 0.454620 0.532470 0.012910
100149 0.454390 0.498750 0.046860
100148 0.453230 0.517660 0.029110
100151 0.594320 0.331590 0.074090
100150 0.389220 0.217650 0.393130
100153 0.621520 0.305280 0.073200
100152 0.592390 0.227710 0.179900
100155 0.613940 0.315280 0.070780
100154 0.494320 0.484800 0.020880
100157 0.465770 0.526740 0.007490
100156 0.469080 0.525740 0.005180
100159 0.463210 0.523520 0.013270
100158 0.464080 0.525810 0.010110
100161 0.460270 0.509890 0.029840
100160 0.462760 0.518410 0.018830
100163 0.397220 0.210950 0.391830
100162 0.462190 0.490570 0.047240
100165 0.610270 0.211580 0.178150
100164 0.602270 0.321840 0.075890
100167 0.632930 0.292890 0.074180
100166 0.631060 0.293150 0.075790
100168 0.507980 0.465580 0.026440
2002 0.072010 0.071630 0.856360
2003 0.685230 0.267140 0.047630
2004 0.683700 0.268140 0.048160
2005 0.685540 0.266710 0.047750
2006 0.680110 0.271550 0.048340
2007 0.681990 0.268040 0.049970
2008 0.679230 0.270900 0.049870
2009 0.685260 0.264850 0.049890
2010 0.686290 0.262800 0.050910
2011 0.690360 0.259090 0.050550
2012 0.695180 0.252420 0.052400
2013 0.274640 0.686240 0.039120
2014 0.311400 0.684930 0.003670
2015 0.708240 0.280310 0.011450
2016 0.613760 0.381390 0.004850
2017 0.612150 0.383130 0.004720
2018 0.622140 0.373010 0.004850
2019 0.636950 0.358460 0.004590
2020 0.630220 0.365090 0.004690
2021 0.626930 0.368430 0.004640
2022 0.631070 0.364050 0.004880
2023 0.633590 0.360940 0.005470
2024 0.639880 0.354590 0.005530
2025 0.642870 0.351630 0.005500
2026 0.072640 0.038910 0.888450
2027 0.739570 0.249510 0.010920
2028 0.331810 0.656090 0.012100
2029 0.693500 0.292920 0.013580
2030 0.687650 0.297830 0.014520
2031 0.706110 0.279220 0.014670
2032 0.705870 0.279780 0.014350
2033 0.714890 0.270300 0.014810
2034 0.713050 0.270970 0.015980
2035 0.717010 0.266980 0.016010
2036 0.723500 0.260800 0.015700
2037 0.727120 0.256870 0.016010
2038 0.729360 0.254160 0.016480
2039 0.714200 0.236770 0.049030
2040 0.634980 0.360470 0.004550
2041 0.722220 0.263040 0.014740
2042 0.453840 0.542260 0.003900
2043 0.620040 0.375350 0.004610
2044 0.631300 0.363910 0.004790
2045 0.637720 0.358030 0.004250
2046 0.649200 0.346440 0.004360
2047 0.661570 0.333610 0.004820
2048 0.657170 0.337520 0.005310
2049 0.661040 0.333930 0.005030
2050 0.666740 0.328140 0.005120
2051 0.669090 0.325460 0.005450
2052 0.714620 0.235650 0.049730
2053 0.635270 0.360260 0.004470
2054 0.718930 0.267210 0.013860
2055 0.640240 0.355410 0.004350
2056 0.453690 0.542870 0.003440
2057 0.621200 0.374170 0.004630
2058 0.629620 0.366140 0.004240
2059 0.637180 0.358370 0.004450
2060 0.644690 0.350390 0.004920
133134 0.702180 0.241420 0.056400
2061 0.660320 0.334870 0.004810
133135 0.703600 0.245040 0.051360
2062 0.657650 0.337580 0.004770
2063 0.663910 0.331090 0.005000
133133 0.031060 0.030650 0.938290
2064 0.667160 0.327730 0.005110
133138 0.660030 0.287770 0.052200
2065 0.713540 0.236640 0.049820
133139 0.663450 0.283410 0.053140
2066 0.646320 0.349620 0.004060
133136 0.689520 0.259250 0.051230
2067 0.739470 0.246050 0.014480
133137 0.675640 0.274760 0.049600
2068 0.653140 0.342530 0.004330
133142 0.673910 0.269870 0.056220
2069 0.639890 0.356150 0.003960
133143 0.405580 0.589300 0.005120
2070 0.468980 0.527300 0.003720
133140 0.317030 0.656390 0.026580
2071 0.614950 0.380530 0.004520
133141 0.657630 0.288570 0.053800
2072 0.626340 0.369670 0.003990
133146 0.293780 0.226180 0.480040
2073 0.630320 0.364790 0.004890
133147 0.627130 0.358690 0.014180
2074 0.645280 0.350160 0.004560
133144 0.401480 0.591390 0.007130
2075 0.657760 0.337320 0.004920
133145 0.397240 0.593100 0.009660
2076 0.657980 0.336870 0.005150
133150 0.618390 0.367950 0.013660
2077 0.663280 0.331750 0.004970
133151 0.609720 0.377070 0.013210
2078 0.714380 0.235230 0.050390
133148 0.626690 0.360130 0.013180
2079 0.655280 0.340390 0.004330
133149 0.627800 0.358140 0.014060
2080 0.734640 0.251090 0.014270
133154 0.459740 0.527260 0.013000
2081 0.659250 0.336810 0.003940
133155 0.632430 0.353900 0.013670
2082 0.648940 0.346980 0.004080
133152 0.606610 0.379280 0.014110
2083 0.636940 0.359200 0.003860
133153 0.685800 0.258510 0.055690
2084 0.467440 0.528800 0.003760
133158 0.401680 0.588760 0.009560
2085 0.614960 0.380640 0.004400
133159 0.293660 0.228440 0.477900
2086 0.619510 0.375910 0.004580
133156 0.409640 0.584920 0.005440
2087 0.634280 0.360800 0.004920
133157 0.404250 0.588740 0.007010
2088 0.643410 0.351600 0.004990
133162 0.625920 0.360660 0.013420
2089 0.655680 0.338890 0.005430
133163 0.629940 0.356130 0.013930
2090 0.658370 0.336980 0.004650
133160 0.629680 0.356960 0.013360
2091 0.712680 0.236760 0.050560
133161 0.627580 0.359380 0.013040
2092 0.650300 0.345370 0.004330
133166 0.704310 0.236870 0.058820
2093 0.747380 0.237060 0.015560
133167 0.659630 0.325340 0.015030
2094 0.674960 0.320940 0.004100
133164 0.620310 0.366010 0.013680
2095 0.659210 0.336890 0.003900
133165 0.618800 0.366190 0.015010
2096 0.649150 0.347050 0.003800
2097 0.636820 0.359480 0.003700
2098 0.475560 0.520810 0.003630
133168 0.472300 0.512860 0.014840
2099 0.613120 0.382620 0.004260
2100 0.622590 0.372570 0.004840
2101 0.637960 0.356930 0.005110
2102 0.651100 0.343820 0.005080
2103 0.662500 0.332510 0.004990
2104 0.708020 0.240170 0.051810
2105 0.650300 0.344660 0.005040
2106 0.745960 0.238240 0.015800
2107 0.682460 0.312990 0.004550
2108 0.668690 0.326810 0.004500
2109 0.654950 0.340840 0.004210
2110 0.639740 0.356260 0.004000
2111 0.632240 0.363570 0.004190
2112 0.479450 0.516870 0.003680
2113 0.612300 0.382210 0.005490
2114 0.623900 0.370920 0.005180
2115 0.634620 0.360410 0.004970
2116 0.646340 0.348040 0.005620
2117 0.715120 0.233460 0.051420
2118 0.652830 0.342370 0.004800
2119 0.748490 0.235210 0.016300
2120 0.681440 0.313990 0.004570
2121 0.684600 0.310690 0.004710
2122 0.669330 0.325920 0.004750
2123 0.654470 0.340860 0.004670
2124 0.648300 0.347360 0.004340
2125 0.631550 0.363820 0.004630
2126 0.484520 0.511390 0.004090
2127 0.626190 0.368590 0.005220
2128 0.635040 0.359970 0.004990
2129 0.652490 0.342290 0.005220
2130 0.716040 0.231060 0.052900
2131 0.655970 0.339440 0.004590
2132 0.756040 0.228160 0.015800
2133 0.687950 0.307180 0.004870
2134 0.685020 0.310310 0.004670
2135 0.679460 0.316320 0.004220
2136 0.667770 0.327620 0.004610
2137 0.659790 0.335430 0.004780
2138 0.642390 0.352470 0.005140
2139 0.648700 0.346270 0.005030
2140 0.490080 0.505110 0.004810
2141 0.638390 0.355770 0.005840
2142 0.655820 0.338610 0.005570
2143 0.723890 0.222420 0.053690
2144 0.660640 0.334260 0.005100
2145 0.760210 0.224160 0.015630
2146 0.690830 0.304110 0.005060
2147 0.685190 0.310050 0.004760
2148 0.682740 0.312870 0.004390
2149 0.681440 0.313970 0.004590
2150 0.671800 0.323000 0.005200
2151 0.658540 0.336050 0.005410
2152 0.659940 0.335040 0.005020
2153 0.661910 0.333020 0.005070
2154 0.493100 0.501370 0.005530
2155 0.658030 0.336060 0.005910
2156 0.726060 0.219490 0.054450
2157 0.663880 0.330980 0.005140
2158 0.765500 0.218750 0.015750
